-8.26997 -73.6924 -8.93854 -72.9781
-12.048755404983982 -75.16808576046321 -8.93854 -72.9781
-8.96016 -69.1535 -8.93854 -72.9781
-12.0732 -79.2498 -12.048755404983982 -75.16808576046321
-12.117250281095142 -80.50684385876389 -12.0732 -79.2498
-10.9758 -81.2713 -12.117250281095142 -80.50684385876389
-15.6819 -73.1819 -12.048755404983982 -75.16808576046321
-19.0406 -74.9924 -15.6819 -73.1819
-22.6174 -72.3996 -19.0406 -74.9924
-21.372768678300467 -68.03726517172376 -22.6174 -72.3996
-18.1885 -67.5144 -21.372768678300467 -68.03726517172376
-15.2309 -65.7213 -18.1885 -67.5144
-13.6183 -64.8051 -15.2309 -65.7213
-23.9147 -65.5083 -21.372768678300467 -68.03726517172376
-25.0757 -65.4146 -23.9147 -65.5083
-27.177464477989375 -66.3276264287646 -25.0757 -65.4146
-26.9322 -67.5603 -27.177464477989375 -66.3276264287646
-29.4668 -64.7413 -27.177464477989375 -66.3276264287646
-30.8257 -61.6032 -29.4668 -64.7413
-31.1207 -61.4488 -30.8257 -61.6032
-6.66628 -83.0679 -10.9758 -81.2713
-4.47184 -84.6356 -6.66628 -83.0679
-4.311312833082283 -85.63629639840123 -4.47184 -84.6356
-4.73838 -86.067 -4.311312833082283 -85.63629639840123
-3.04263 -86.3371 -4.311312833082283 -85.63629639840123
0.191249 -86.7068 -3.04263 -86.3371
-16.3669 -82.6788 -12.117250281095142 -80.50684385876389
-18.3645 -83.9356 -16.3669 -82.6788
-18.84826722339556 -84.90416511842771 -18.3645 -83.9356
-17.635 -87.3409 -18.84826722339556 -84.90416511842771
-19.9434 -89.9803 -17.635 -87.3409
-23.1716 -85.2502 -18.84826722339556 -84.90416511842771
-23.591966946581326 -85.02828518700264 -23.1716 -85.2502
-24.209 -85.429 -23.591966946581326 -85.02828518700264
-23.9098 -83.7172 -23.591966946581326 -85.02828518700264
-24.8259 -87.0736 -24.209 -85.429
-25.714865286995153 -83.37661889840182 -23.9098 -83.7172
-26.5634 -84.1939 -25.714865286995153 -83.37661889840182
-27.4235 -87.772 -24.8259 -87.0736
-28.057258444685726 -90.63708486753504 -27.4235 -87.772
-31.3021 -92.0673 -28.057258444685726 -90.63708486753504
-32.04356801558937 -92.34327463013115 -31.3021 -92.0673
-34.3532 -90.5071 -32.04356801558937 -92.34327463013115
-33.05105662003377 -96.19037599534316 -32.04356801558937 -92.34327463013115
-34.5001 -96.6512 -33.05105662003377 -96.19037599534316
-30.3645381634311 -98.94290361867041 -33.05105662003377 -96.19037599534316
-30.7137 -99.9449 -30.3645381634311 -98.94290361867041
-29.3151 -98.6779 -30.3645381634311 -98.94290361867041
-26.5616 -79.2565 -25.714865286995153 -83.37661889840182
-26.2876 -78.963 -26.5616 -79.2565
-27.8065 -78.8875 -26.5616 -79.2565
-24.9126 -93.5322 -28.057258444685726 -90.63708486753504
-22.5234 -97.7714 -24.9126 -93.5322
-8.34955997981869 -90.75997216126912 -4.73838 -86.067
-9.79797 -90.6555 -8.34955997981869 -90.75997216126912
-10.3535 -91.1047 -9.79797 -90.6555
-6.72979 -95.046 -8.34955997981869 -90.75997216126912
-3.7667123513826235 -95.74639746416004 -6.72979 -95.046
-3.56012 -96.1967 -3.7667123513826235 -95.74639746416004
-3.25537 -95.1415 -3.7667123513826235 -95.74639746416004
-2.06966 -94.1289 -3.25537 -95.1415
-9.44876 -98.8711 -6.72979 -95.046
2.807977194692834 -95.39607307369782 -2.06966 -94.1289
4.41269 -93.6687 2.807977194692834 -95.39607307369782
5.94004 -93.0856 4.41269 -93.6687
7.256923981745741 -92.5221677227737 5.94004 -93.0856
3.69568 -98.7317 2.807977194692834 -95.39607307369782
10.7604 -94.6392 7.256923981745741 -92.5221677227737
7.00504 -88.1979 7.256923981745741 -92.5221677227737
-9.17868 -60.5453 -13.6183 -64.8051
-7.567790998865806 -58.75554969441844 -9.17868 -60.5453
-8.194495997774224 -55.00375952765519 -7.567790998865806 -58.75554969441844
-10.4372 -54.4475 -8.194495997774224 -55.00375952765519
-6.1003 -53.4785 -8.194495997774224 -55.00375952765519
-3.839043030663729 -48.74354913733997 -6.1003 -53.4785
-2.9447 -48.5976 -3.839043030663729 -48.74354913733997
-5.41234 -46.4123 -3.839043030663729 -48.74354913733997
-9.07414 -46.3984 -5.41234 -46.4123
-9.907937329229226 -45.69964220423719 -9.07414 -46.3984
-9.64485 -44.6705 -9.907937329229226 -45.69964220423719
-14.858479899911877 -47.06734565724809 -9.907937329229226 -45.69964220423719
-15.1328 -48.1972 -14.858479899911877 -47.06734565724809
-17.1413 -45.0824 -14.858479899911877 -47.06734565724809
-18.2747 -45.0263 -17.1413 -45.0824
-2.42899 -60.0873 -7.567790998865806 -58.75554969441844
-23.835035613388357 -46.080722082345694 -18.2747 -45.0263
-24.3268 -47.6443 -23.835035613388357 -46.080722082345694
-25.6181 -43.9422 -23.835035613388357 -46.080722082345694
-28.4949 -41.3913 -25.6181 -43.9422
-30.1391 -39.7912 -28.4949 -41.3913
-31.732279235294172 -37.23636810461115 -30.1391 -39.7912
-33.2433 -37.0793 -31.732279235294172 -37.23636810461115
-35.31498992529044 -37.87565250373796 -33.2433 -37.0793
-35.8761 -37.6025 -35.31498992529044 -37.87565250373796
-35.8512 -42.1441 -35.31498992529044 -37.87565250373796
-35.8777 -42.2691 -35.8512 -42.1441
-39.7074 -44.7213 -35.8777 -42.2691
-43.193 -46.1571 -39.7074 -44.7213
-29.1347 -33.286 -31.732279235294172 -37.23636810461115
-31.6535 -28.4871 -29.1347 -33.286
3.17514 -60.9992 -2.42899 -60.0873
4.340915005936509 -60.73306248143285 3.17514 -60.9992
4.61449 -61.0642 4.340915005936509 -60.73306248143285
6.18612 -63.6038 4.61449 -61.0642
5.48782 -56.7228 4.340915005936509 -60.73306248143285
6.384762777188732 -55.46325092623129 5.48782 -56.7228
8.243854530432833 -55.91569934413529 6.384762777188732 -55.46325092623129
5.53783 -53.1978 6.384762777188732 -55.46325092623129
9.39497 -58.0875 8.243854530432833 -55.91569934413529
9.87462 -53.7864 8.243854530432833 -55.91569934413529
11.9245 -61.1099 9.39497 -58.0875
13.526594453893608 -61.8644944162546 11.9245 -61.1099
15.1358 -60.7385 13.526594453893608 -61.8644944162546
16.6849359358319 -60.08469811990508 15.1358 -60.7385
13.8907 -64.0424 13.526594453893608 -61.8644944162546
16.4234 -57.7315 16.6849359358319 -60.08469811990508
19.3895 -61.3705 16.6849359358319 -60.08469811990508
21.2219 -64.38 19.3895 -61.3705
22.5632 -64.4424 21.2219 -64.38
10.7137 -66.7297 13.8907 -64.0424
13.6397 -50.3121 9.87462 -53.7864
14.009452658965046 -50.09066196714694 13.6397 -50.3121
13.9856 -48.4325 14.009452658965046 -50.09066196714694
13.886386205708204 -47.61099687821299 13.9856 -48.4325
15.7967 -46.461 13.886386205708204 -47.61099687821299
11.5577 -46.4165 13.886386205708204 -47.61099687821299
8.74316 -43.1036 11.5577 -46.4165
6.09791 -43.9793 8.74316 -43.1036
2.88693 -42.1368 6.09791 -43.9793
-0.500479 -41.96 2.88693 -42.1368
17.9416 -52.3566 14.009452658965046 -50.09066196714694
19.4952 -52.9195 17.9416 -52.3566
18.7974 -69.1718 21.2219 -64.38
25.8538 -60.0486 22.5632 -64.4424
28.477564646689515 -59.74008352569592 25.8538 -60.0486
29.6309 -61.6658 28.477564646689515 -59.74008352569592
32.86602276033752 -64.59766138715614 29.6309 -61.6658
33.6547 -64.3696 32.86602276033752 -64.59766138715614
32.0348040612653 -68.52194685312709 32.86602276033752 -64.59766138715614
30.1868 -68.9957 32.0348040612653 -68.52194685312709
27.815058133747435 -71.51418414838683 30.1868 -68.9957
28.3344 -73.1773 27.815058133747435 -71.51418414838683
25.5414 -71.2298 27.815058133747435 -71.51418414838683
30.5244 -55.6665 28.477564646689515 -59.74008352569592
32.66872364082289 -53.45630615975132 30.5244 -55.6665
35.48824303917057 -54.46439358846587 32.66872364082289 -53.45630615975132
35.7729 -56.2082 35.48824303917057 -54.46439358846587
36.7892 -53.0648 35.48824303917057 -54.46439358846587
32.3189 -50.1672 32.66872364082289 -53.45630615975132
31.9511 -48.7063 32.3189 -50.1672
37.9311 -59.7826 35.7729 -56.2082
26.5686 -49.1845 31.9511 -48.7063
36.4993 -72.6356 32.0348040612653 -68.52194685312709
37.6911 -74.9269 36.4993 -72.6356
38.25187460207444 -75.67904889951599 37.6911 -74.9269
40.4943 -75.41 38.25187460207444 -75.67904889951599
36.9703 -78.5847 38.25187460207444 -75.67904889951599
38.4062 -80.4907 36.9703 -78.5847
39.05009305313982 -81.75437663155209 38.4062 -80.4907
41.2923 -82.2015 39.05009305313982 -81.75437663155209
37.648036290987896 -83.75620880120337 39.05009305313982 -81.75437663155209
36.3312 -83.5211 37.648036290987896 -83.75620880120337
38.2221 -87.0933 37.648036290987896 -83.75620880120337
38.19958872925519 -89.62912245288771 38.2221 -87.0933
41.34519795043408 -91.16605229170895 38.19958872925519 -89.62912245288771
42.7176 -90.3596 41.34519795043408 -91.16605229170895
41.39 -95.5833 41.34519795043408 -91.16605229170895
33.9409 -92.4572 38.19958872925519 -89.62912245288771
8.52006 -72.4569 10.7137 -66.7297
7.3762921315350605 -75.95974509056316 8.52006 -72.4569
5.22466 -76.5126 7.3762921315350605 -75.95974509056316
9.903 -77.9736 7.3762921315350605 -75.95974509056316
12.2266 -78.1834 9.903 -77.9736
13.863581277504027 -80.16377712109504 12.2266 -78.1834
16.055 -79.9136 13.863581277504027 -80.16377712109504
13.2255 -82.4161 13.863581277504027 -80.16377712109504
0.370749 -74.1914 5.22466 -76.5126
-1.64928 -71.4196 0.370749 -74.1914
-31.6661 -22.1913 -31.6535 -28.4871
-34.8331 -21.111 -31.6661 -22.1913
-27.5885 -19.2585 -31.6661 -22.1913
-27.285780473758674 -14.477745941328052 -27.5885 -19.2585
-25.9547 -13.8304 -27.285780473758674 -14.477745941328052
-30.1686 -12.9249 -27.285780473758674 -14.477745941328052
-32.9309 -14.8475 -30.1686 -12.9249
-22.4338 -10.6268 -25.9547 -13.8304
-21.747129844737167 -7.0679583555318155 -22.4338 -10.6268
-19.6891 -6.35814 -21.747129844737167 -7.0679583555318155
-14.1517 -5.13597 -19.6891 -6.35814
-26.0248 -2.94545 -21.747129844737167 -7.0679583555318155
-27.20266353460978 -1.9340552879447315 -26.0248 -2.94545
-28.9495 -2.45756 -27.20266353460978 -1.9340552879447315
-32.31296019083407 -4.088321173370221 -28.9495 -2.45756
-33.3152 -3.55458 -32.31296019083407 -4.088321173370221
-34.8093 -2.54479 -33.3152 -3.55458
-36.2901 -1.55852 -34.8093 -2.54479
-32.3095 -5.93397 -32.31296019083407 -4.088321173370221
-36.83849017381489 0.282177668804656 -36.2901 -1.55852
-36.1934 0.904579 -36.83849017381489 0.282177668804656
-39.71925553009333 0.7960122106152525 -36.83849017381489 0.282177668804656
-40.1525 1.62745 -39.71925553009333 0.7960122106152525
-41.0061 -0.868216 -39.71925553009333 0.7960122106152525
-41.15706117421212 4.343400373354334 -40.1525 1.62745
-44.5604 4.44293 -41.15706117421212 4.343400373354334
-47.1733 3.30629 -44.5604 4.44293
-38.772 7.00231 -41.15706117421212 4.343400373354334
-38.21553735467374 7.604444477724857 -38.772 7.00231
-38.55325804588992 9.261390275947601 -38.21553735467374 7.604444477724857
-40.7779 9.98944 -38.55325804588992 9.261390275947601
-36.7985 11.3672 -38.55325804588992 9.261390275947601
-41.86205536980819 12.660261764721165 -40.7779 9.98944
-41.194 13.4202 -41.86205536980819 12.660261764721165
-35.3142 6.97524 -38.21553735467374 7.604444477724857
-46.2829 13.138 -41.86205536980819 12.660261764721165
-47.0517 13.5653 -46.2829 13.138
-33.59301881429461 14.871674658933614 -36.7985 11.3672
-33.765 15.5552 -33.59301881429461 14.871674658933614
-33.7435 18.3788 -33.765 15.5552
-36.2444 19.6433 -33.7435 18.3788
-37.0378 19.235 -36.2444 19.6433
-29.7808 14.1356 -33.59301881429461 14.871674658933614
-30.5017 21.2003 -33.7435 18.3788
-29.287212999532827 23.375028290322085 -30.5017 21.2003
-28.7332 23.3126 -29.287212999532827 23.375028290322085
-29.6251 23.8244 -29.287212999532827 23.375028290322085
-26.3595 17.1349 -29.7808 14.1356
-23.961464189574837 23.0662488151525 -28.7332 23.3126
-23.5486 22.1461 -23.961464189574837 23.0662488151525
-22.217839863928347 25.54528073104179 -23.961464189574837 23.0662488151525
-20.6689 25.5997 -22.217839863928347 25.54528073104179
-24.30964922164149 29.066538693429607 -22.217839863928347 25.54528073104179
-26.0757 29.1311 -24.30964922164149 29.066538693429607
-23.5174 30.9258 -24.30964922164149 29.066538693429607
-23.3087 31.7731 -23.5174 30.9258
-22.6585 33.7809 -23.3087 31.7731
-21.744816772474245 34.98150606441928 -22.6585 33.7809
-22.4549 36.2692 -21.744816772474245 34.98150606441928
-19.6504 34.6074 -21.744816772474245 34.98150606441928
-18.1443 37.8268 -19.6504 34.6074
-18.1859 40.035 -18.1443 37.8268
-28.759281372133387 31.505375175285756 -26.0757 29.1311
-29.7802 31.1303 -28.759281372133387 31.505375175285756
-28.3519 33.379 -28.759281372133387 31.505375175285756
-27.52 36.2398 -28.3519 33.379
-26.596 37.7701 -27.52 36.2398
-18.6046 43.7081 -18.1859 40.035
-16.9799 44.9927 -18.6046 43.7081
-16.4553 45.467 -16.9799 44.9927
-14.8996 48.2678 -16.4553 45.467
-15.175506223100609 49.732240302785 -14.8996 48.2678
-14.2727 50.6632 -15.175506223100609 49.732240302785
-16.5085 50.0208 -15.175506223100609 49.732240302785
-18.65 51.7398 -16.5085 50.0208
-13.2143 54.6405 -14.2727 50.6632
-11.4358 55.5446 -13.2143 54.6405
-11.1974 55.6438 -11.4358 55.5446
-10.5621 54.6809 -11.1974 55.6438
-8.21725 50.105 -10.5621 54.6809
-5.36193 47.6325 -8.21725 50.105
-2.42175 46.1811 -5.36193 47.6325
0.9396708903132643 44.69624310368323 -2.42175 46.1811
2.1651 45.6906 0.9396708903132643 44.69624310368323
1.2799355690585748 41.92803457867915 0.9396708903132643 44.69624310368323
1.8195 41.5652 1.2799355690585748 41.92803457867915
-2.6301 39.3991 1.2799355690585748 41.92803457867915
-5.21558 36.7819 -2.6301 39.3991
-9.09057 35.2131 -5.21558 36.7819
-10.5017 36.4382 -9.09057 35.2131
-11.3831 36.1113 -10.5017 36.4382
6.245783983957303 48.472239298734856 2.1651 45.6906
7.25335 47.7917 6.245783983957303 48.472239298734856
6.317730818475649 51.88809860991471 6.245783983957303 48.472239298734856
8.21161 53.0397 6.317730818475649 51.88809860991471
9.69637 54.2638 8.21161 53.0397
3.973155485875705 53.28374382833963 6.317730818475649 51.88809860991471
1.95054 52.4349 3.973155485875705 53.28374382833963
4.24519 57.0156 3.973155485875705 53.28374382833963
10.7037 46.0006 7.25335 47.7917
-1.3182750819957398 54.790146398513 1.95054 52.4349
-1.13557 55.7855 -1.3182750819957398 54.790146398513
-2.66377 54.4061 -1.3182750819957398 54.790146398513
15.744647997132235 45.44810381145029 10.7037 46.0006
16.1939 43.8409 15.744647997132235 45.44810381145029
15.9152 42.6559 16.1939 43.8409
13.868 38.1863 15.9152 42.6559
12.95596200677867 34.7266249918298 13.868 38.1863
14.3165 33.5931 12.95596200677867 34.7266249918298
16.7365 31.9027 14.3165 33.5931
16.844536172451303 29.49853768903126 16.7365 31.9027
17.3587 29.1603 16.844536172451303 29.49853768903126
14.8015 28.318 16.844536172451303 29.49853768903126
9.74726 33.4099 12.95596200677867 34.7266249918298
12.321844061429164 25.326249502758586 14.8015 28.318
8.92805 26.3685 12.321844061429164 25.326249502758586
13.5501 21.5711 12.321844061429164 25.326249502758586
3.28819 62.369 4.24519 57.0156
-25.618 3.3915 -27.20266353460978 -1.9340552879447315
-25.688237530699226 5.101157170842342 -25.618 3.3915
-26.5671 5.57457 -25.688237530699226 5.101157170842342
-27.0741 5.48406 -26.5671 5.57457
-23.0084 7.03226 -25.688237530699226 5.101157170842342
-49.4563 -1.7756 -47.1733 3.30629
-53.7199 -4.9685 -49.4563 -1.7756
-55.1433 -6.11223 -53.7199 -4.9685
-56.4762807947406 -6.389440281858085 -55.1433 -6.11223
-57.770341723007135 -4.294696070279057 -56.4762807947406 -6.389440281858085
-59.3499 -4.71364 -57.770341723007135 -4.294696070279057
-56.7509 -1.34905 -57.770341723007135 -4.294696070279057
-57.7159 -9.56525 -56.4762807947406 -6.389440281858085
-58.701430018257454 -12.798606184704397 -57.7159 -9.56525
-59.3683 -13.0994 -58.701430018257454 -12.798606184704397
-60.2739 -13.8351 -59.3683 -13.0994
-57.2765 -14.1704 -58.701430018257454 -12.798606184704397
-56.53690614690607 -15.644262504717203 -57.2765 -14.1704
-57.3586 -17.1636 -56.53690614690607 -15.644262504717203
-53.1369 -15.8209 -56.53690614690607 -15.644262504717203
-51.5044 -12.8455 -53.1369 -15.8209
-50.4997393103839 -10.820358362899361 -51.5044 -12.8455
-51.9119 -8.98552 -50.4997393103839 -10.820358362899361
-45.9308 -10.8462 -50.4997393103839 -10.820358362899361
-44.6665 -11.5259 -45.9308 -10.8462
-43.2709 -12.8452 -44.6665 -11.5259
-42.0467 -15.6843 -43.2709 -12.8452
-64.3345 -6.41653 -59.3499 -4.71364
-65.12381688507854 -6.128821676985896 -64.3345 -6.41653
-65.3013 -4.44526 -65.12381688507854 -6.128821676985896
-64.1524 -1.94799 -65.3013 -4.44526
-67.6405 -8.23185 -65.12381688507854 -6.128821676985896
-68.8254 -8.39083 -67.6405 -8.23185
-64.8426 1.36132 -64.1524 -1.94799
-67.7161 3.86733 -64.8426 1.36132
-55.8969 3.86064 -56.7509 -1.34905
-55.04745753195938 6.448623164971345 -55.8969 3.86064
-52.4386 6.99038 -55.04745753195938 6.448623164971345
-56.8348 8.80454 -55.04745753195938 6.448623164971345
-59.6766 8.5649 -56.8348 8.80454
-61.9691956911993 9.856650224187035 -59.6766 8.5649
-63.3885 8.74269 -61.9691956911993 9.856650224187035
-56.6569 -22.6465 -57.3586 -17.1636
-56.8209818374181 -23.416802946105484 -56.6569 -22.6465
-60.36695580034605 -25.145502931889325 -56.8209818374181 -23.416802946105484
-63.1286 -23.5601 -60.36695580034605 -25.145502931889325
-64.10729188933304 -23.68394859632197 -63.1286 -23.5601
-65.1992 -25.5683 -64.10729188933304 -23.68394859632197
-53.2617 -25.7069 -56.8209818374181 -23.416802946105484
-69.79892552091029 -26.22036353577051 -65.1992 -25.5683
-70.7114 -28.274 -69.79892552091029 -26.22036353577051
-72.0326 -23.9799 -69.79892552091029 -26.22036353577051
-71.0205 -33.1386 -70.7114 -28.274
-70.45773582383906 -34.71265480339345 -71.0205 -33.1386
-72.4217087817088 -37.31097173685592 -70.45773582383906 -34.71265480339345
-71.6728 -39.4531 -72.4217087817088 -37.31097173685592
-74.8156 -37.0785 -72.4217087817088 -37.31097173685592
-79.2405 -37.9662 -74.8156 -37.0785
-81.74288154218156 -34.593442851080084 -79.2405 -37.9662
-80.6923 -31.2773 -81.74288154218156 -34.593442851080084
-60.1999 -30.0435 -60.36695580034605 -25.145502931889325
-18.5127 10.3982 -23.0084 7.03226
-15.4895 13.2365 -18.5127 10.3982
-64.8841 -35.6156 -70.45773582383906 -34.71265480339345
-62.5731 15.5168 -61.9691956911993 9.856650224187035
19.4784 49.8662 15.744647997132235 45.44810381145029
22.774661201494613 52.20032364221417 19.4784 49.8662
22.4115 55.2835 22.774661201494613 52.20032364221417
22.41061691946262 57.623306838545474 22.4115 55.2835
24.2494 58.3229 22.41061691946262 57.623306838545474
20.4013 59.2076 22.41061691946262 57.623306838545474
17.351 60.0064 20.4013 59.2076
16.825060428202324 62.42529386640022 17.351 60.0064
14.5613 63.0814 16.825060428202324 62.42529386640022
14.1858 64.8519 14.5613 63.0814
26.686 50.5881 22.774661201494613 52.20032364221417
28.375969587062535 51.71571070142162 26.686 50.5881
29.0692 51.3253 28.375969587062535 51.71571070142162
28.333 53.2627 28.375969587062535 51.71571070142162
30.878133054866705 48.641459958403026 29.0692 51.3253
31.9391 48.8228 30.878133054866705 48.641459958403026
34.0051 48.7672 31.9391 48.8228
35.21375896238906 50.06534342729484 34.0051 48.7672
34.5478 51.8393 35.21375896238906 50.06534342729484
37.9415 49.687 35.21375896238906 50.06534342729484
38.98619743855148 49.79923740342845 37.9415 49.687
39.9582 51.6492 38.98619743855148 49.79923740342845
29.129654196407667 44.791233790339305 30.878133054866705 48.641459958403026
26.5877 44.4586 29.129654196407667 44.791233790339305
30.2479 57.2474 28.333 53.2627
20.2343 65.6863 16.825060428202324 62.42529386640022
20.3275 66.2512 20.2343 65.6863
20.4463 66.9889 20.3275 66.2512
22.520452848723632 68.42544118542776 20.4463 66.9889
24.5628 67.169 22.520452848723632 68.42544118542776
26.9239 66.7296 24.5628 67.169
29.1719 66.2815 26.9239 66.7296
21.8936 71.9021 22.520452848723632 68.42544118542776
22.1875 73.3118 21.8936 71.9021
10.4158 67.7491 14.1858 64.8519
35.0014 56.7703 30.2479 57.2474
42.027685238138794 45.77275460580391 38.98619743855148 49.79923740342845
43.1285 45.9495 42.027685238138794 45.77275460580391
41.0596 44.1896 42.027685238138794 45.77275460580391
32.2355 40.4559 29.129654196407667 44.791233790339305
20.537756180399768 78.64938034058902 22.1875 73.3118
18.8318 79.4489 20.537756180399768 78.64938034058902
22.104 80.3754 20.537756180399768 78.64938034058902
25.65032650657214 81.01555760948061 22.104 80.3754
26.1383 82.7516 25.65032650657214 81.01555760948061
28.4108 78.0644 25.65032650657214 81.01555760948061
17.6375 17.2782 13.5501 21.5711
17.1490458842772 13.823351989090156 17.6375 17.2782
15.1305 12.6979 17.1490458842772 13.823351989090156
22.2221 10.3659 17.1490458842772 13.823351989090156
22.4729 8.64502 22.2221 10.3659
19.7677 6.78097 22.4729 8.64502
17.6238 5.70965 19.7677 6.78097
17.4206 4.87774 17.6238 5.70965
19.3241 3.15829 17.4206 4.87774
21.604 2.7518 19.3241 3.15829
24.643911520291383 2.8519256371708273 21.604 2.7518
25.3159 1.90187 24.643911520291383 2.8519256371708273
25.9453 5.1858 24.643911520291383 2.8519256371708273
14.3254 4.7569 17.4206 4.87774
30.7838 5.38576 25.9453 5.1858
33.426862170086665 5.2705814989323425 30.7838 5.38576
33.6154 4.60377 33.426862170086665 5.2705814989323425
36.8744 10.0135 33.426862170086665 5.2705814989323425
36.332422208961255 11.782657199367723 36.8744 10.0135
37.7974 13.0921 36.332422208961255 11.782657199367723
39.8059 11.8218 37.7974 13.0921
41.3639 9.93646 39.8059 11.8218
43.4522669840422 10.996513952802925 41.3639 9.93646
44.186 10.5602 43.4522669840422 10.996513952802925
41.1735 7.53928 41.3639 9.93646
33.5247 12.4612 36.332422208961255 11.782657199367723
43.7788 14.3469 43.4522669840422 10.996513952802925
46.5774 8.1111 44.186 10.5602
49.2568 8.35925 46.5774 8.1111
50.6674 9.7813 49.2568 8.35925
54.873984894118685 10.655882146694784 50.6674 9.7813
55.3968 9.8957 54.873984894118685 10.655882146694784
56.0183 13.1612 54.873984894118685 10.655882146694784
40.5979 17.5978 43.7788 14.3469
39.6516332080812 22.97464365756329 40.5979 17.5978
41.864 25.3723 39.6516332080812 22.97464365756329
45.0824 25.9087 41.864 25.3723
48.8147 25.3723 45.0824 25.9087
51.5734 26.5114 48.8147 25.3723
34.3296 24.6485 39.6516332080812 22.97464365756329
30.18329255189705 25.814390734938222 34.3296 24.6485
28.878 24.801 30.18329255189705 25.814390734938222
13.7264 83.1375 18.8318 79.4489
13.23642246830241 84.41156203563074 13.7264 83.1375
11.7814 84.7779 13.23642246830241 84.41156203563074
9.3861 83.615 11.7814 84.7779
8.803476423142273 82.92158291729494 9.3861 83.615
9.67303 80.4987 8.803476423142273 82.92158291729494
9.48025 77.2703 9.67303 80.4987
15.9725 87.9743 13.23642246830241 84.41156203563074
15.825184228756479 91.23966540543697 15.9725 87.9743
14.68 92.011 15.825184228756479 91.23966540543697
18.3988 93.0144 15.825184228756479 91.23966540543697
10.8617 90.8032 14.68 92.011
4.307030268239524 84.14978174572369 8.803476423142273 82.92158291729494
3.4328672779236546 86.39073753110179 4.307030268239524 84.14978174572369
3.88327 86.9386 3.4328672779236546 86.39073753110179
2.69979 86.6011 3.4328672779236546 86.39073753110179
0.9192545780434844 87.47445388169702 2.69979 86.6011
-1.05195 85.9479 0.9192545780434844 87.47445388169702
2.15524 82.1658 4.307030268239524 84.14978174572369
0.3364979938714008 79.16554394202969 2.15524 82.1658
1.34954 76.5439 0.3364979938714008 79.16554394202969
-2.70586 79.3048 0.3364979938714008 79.16554394202969
1.9383363270832286 72.88167530064793 1.34954 76.5439
1.19118 72.172 1.9383363270832286 72.88167530064793
3.72577 72.255 1.9383363270832286 72.88167530064793
18.360737042810516 98.04389237127883 18.3988 93.0144
16.3655 99.2118 18.360737042810516 98.04389237127883
20.7949 99.1053 18.360737042810516 98.04389237127883
-7.11084 82.7635 -2.70586 79.3048
-16.6478 -55.7896 -10.4372 -54.4475
28.6053 31.9775 30.18329255189705 25.814390734938222
22.7852 22.9003 28.878 24.801
-67.4934 -18.1714 -64.10729188933304 -23.68394859632197
-88.1634 -35.4186 -81.74288154218156 -34.593442851080084
-94.17469680255195 -34.071753856194626 -88.1634 -35.4186
-95.4647 -29.9264 -94.17469680255195 -34.071753856194626
-93.0058 -26.2782 -95.4647 -29.9264
-31.8334 -73.6955 -27.8065 -78.8875
-36.27913781997255 -73.30467884907421 -31.8334 -73.6955
-36.7644 -74.0495 -36.27913781997255 -73.30467884907421
-38.495 -68.9883 -36.27913781997255 -73.30467884907421
-38.83346729583011 -68.04240024522818 -38.495 -68.9883
-37.9345 -66.9914 -38.83346729583011 -68.04240024522818
-40.5956 -67.9452 -38.83346729583011 -68.04240024522818
-42.722116710274804 -67.40795214471325 -40.5956 -67.9452
-43.3335 -68.1307 -42.722116710274804 -67.40795214471325
-43.4345 -65.7546 -42.722116710274804 -67.40795214471325
-47.0708 -64.8383 -43.4345 -65.7546
-48.5627 -63.7682 -47.0708 -64.8383
-50.00580678585637 -64.01743177178122 -48.5627 -63.7682
-51.51647660217077 -62.637012910020786 -50.00580678585637 -64.01743177178122
-52.4284 -62.8245 -51.51647660217077 -62.637012910020786
-50.9146 -67.0631 -50.00580678585637 -64.01743177178122
-54.5023 -71.7641 -50.9146 -67.0631
-55.6687 -71.8579 -54.5023 -71.7641
-55.8722 -73.2887 -55.6687 -71.8579
-53.1761 -74.5679 -55.8722 -73.2887
-49.2677 -57.0681 -51.51647660217077 -62.637012910020786
-45.8597 -56.2751 -49.2677 -57.0681
-61.07442961360896 -76.3200477328729 -55.8722 -73.2887
-62.3448 -75.4986 -61.07442961360896 -76.3200477328729
-61.0695 -79.6643 -61.07442961360896 -76.3200477328729
-60.2499 -82.1318 -61.0695 -79.6643
-65.6518678281743 -73.82877967049 -62.3448 -75.4986
-67.9834 -75.2302 -65.6518678281743 -73.82877967049
-70.6672 -77.9436 -67.9834 -75.2302
-74.23469498220267 -77.85200895158705 -70.6672 -77.9436
-75.9101 -75.386 -74.23469498220267 -77.85200895158705
-75.58783171345495 -73.61646180312712 -75.9101 -75.386
-74.7938 -73.3413 -75.58783171345495 -73.61646180312712
-75.7993 -80.6268 -74.23469498220267 -77.85200895158705
-77.71757399044434 -81.24636425935248 -75.7993 -80.6268
-78.1708 -83.1522 -77.71757399044434 -81.24636425935248
-77.8761 -83.2907 -78.1708 -83.1522
-77.9251058600996 -71.14931118330979 -75.58783171345495 -73.61646180312712
-78.5372 -71.5488 -77.9251058600996 -71.14931118330979
-80.0269 -78.4522 -77.71757399044434 -81.24636425935248
-76.7116 -66.9187 -77.9251058600996 -71.14931118330979
-66.1781 -68.5691 -65.6518678281743 -73.82877967049
-68.0485 -66.8145 -66.1781 -68.5691
-68.4538 -64.6239 -68.0485 -66.8145
-69.1244 -62.5842 -68.4538 -64.6239
-70.9014 -61.0516 -69.1244 -62.5842
-71.0081127419677 -58.66545200062661 -70.9014 -61.0516
-69.2791 -57.6962 -71.0081127419677 -58.66545200062661
-68.42998996288635 -57.607559836513616 -69.2791 -57.6962
-67.2127 -59.1694 -68.42998996288635 -57.607559836513616
-70.1497 -68.084 -68.0485 -66.8145
-65.6638 -61.7387 -67.2127 -59.1694
-67.3922 -54.7728 -68.42998996288635 -57.607559836513616
-66.31704910784447 -53.76829233615865 -67.3922 -54.7728
-66.5461 -53.4265 -66.31704910784447 -53.76829233615865
-64.82233661411183 -54.24083559913361 -66.31704910784447 -53.76829233615865
-64.623 -55.9154 -64.82233661411183 -54.24083559913361
-63.1575 -52.8802 -64.82233661411183 -54.24083559913361
-73.9145 -57.4497 -71.0081127419677 -58.66545200062661
-68.2291 -49.8605 -66.5461 -53.4265
-59.1815 -53.5727 -63.1575 -52.8802
-56.1696 -50.2492 -59.1815 -53.5727
-52.77182604576307 -48.28227075757524 -56.1696 -50.2492
-52.8332 -47.3695 -52.77182604576307 -48.28227075757524
-52.65148808153545 -45.94890811079773 -52.8332 -47.3695
-51.14 -45.5114 -52.65148808153545 -45.94890811079773
-51.3978 -49.0874 -52.77182604576307 -48.28227075757524
-55.3623 -43.9776 -52.65148808153545 -45.94890811079773
-56.2651185471437 -43.21238488225709 -55.3623 -43.9776
-56.0256 -41.5595 -56.2651185471437 -43.21238488225709
-59.25411088508498 -44.497365405402675 -56.2651185471437 -43.21238488225709
-60.1819 -43.7429 -59.25411088508498 -44.497365405402675
-59.5361 -46.6595 -59.25411088508498 -44.497365405402675
-64.716 -44.1014 -60.1819 -43.7429
-66.6986 -45.0186 -64.716 -44.1014
-85.3923 -78.0146 -80.0269 -78.4522
-87.39453417781904 -78.11231075339542 -85.3923 -78.0146
-88.76294563062916 -76.43605501560421 -87.39453417781904 -78.11231075339542
-89.7647 -76.5052 -88.76294563062916 -76.43605501560421
-88.1306 -74.5526 -88.76294563062916 -76.43605501560421
-88.7961 -80.5727 -87.39453417781904 -78.11231075339542
-90.69015877686373 -82.6679924988117 -88.7961 -80.5727
-90.3471 -84.2118 -90.69015877686373 -82.6679924988117
-88.99266792937958 -69.97631700710284 -88.1306 -74.5526
-87.7518 -68.7769 -88.99266792937958 -69.97631700710284
-90.6798 -69.359 -88.99266792937958 -69.97631700710284
-85.3633 -66.0078 -87.7518 -68.7769
-93.7192 -65.8408 -90.6798 -69.359
-68.3461 18.6995 -62.5731 15.5168
-69.62955343758786 18.767315252234074 -68.3461 18.6995
-70.2425 20.0265 -69.62955343758786 18.767315252234074
-69.9212 21.1279 -70.2425 20.0265
-69.7845 22.963 -69.9212 21.1279
-73.1838 20.4682 -70.2425 20.0265
-74.87841423518734 21.994818834401222 -73.1838 20.4682
-74.8134 22.8251 -74.87841423518734 21.994818834401222
-71.4695 16.0743 -69.62955343758786 18.767315252234074
-71.3511 15.3276 -71.4695 16.0743
-66.4143 26.8462 -69.7845 22.963
-62.775503229535346 28.38889916737879 -66.4143 26.8462
-61.2491 27.2201 -62.775503229535346 28.38889916737879
-58.870513285707254 27.73386660231002 -61.2491 27.2201
-58.2229 28.8572 -58.870513285707254 27.73386660231002
-57.2906 25.9144 -58.870513285707254 27.73386660231002
-54.8603 30.5909 -58.2229 28.8572
-62.6351 32.9378 -62.775503229535346 28.38889916737879
-66.3035 36.673 -62.6351 32.9378
-68.92309132167425 37.97381349545567 -66.3035 36.673
-69.1139 39.565 -68.92309132167425 37.97381349545567
-70.8014 36.1487 -68.92309132167425 37.97381349545567
-71.7317 36.6513 -70.8014 36.1487
-52.6334 35.5665 -54.8603 30.5909
-50.8593 39.252 -52.6334 35.5665
-50.56815735843852 39.814820028623785 -50.8593 39.252
-52.0178 41.9639 -50.56815735843852 39.814820028623785
-53.6209 43.831 -52.0178 41.9639
-52.9346 45.0583 -53.6209 43.831
-53.43649300373063 47.0465065239255 -52.9346 45.0583
-56.2404 48.0308 -53.43649300373063 47.0465065239255
-47.2033 40.3535 -50.56815735843852 39.814820028623785
-46.34970990970919 42.0637584040583 -47.2033 40.3535
-44.6706 42.09 -46.34970990970919 42.0637584040583
-47.49623842163189 44.01032688946049 -46.34970990970919 42.0637584040583
-48.1002 43.9494 -47.49623842163189 44.01032688946049
-45.7704 37.919 -47.2033 40.3535
-42.466 36.9121 -45.7704 37.919
-41.19361407154933 33.830935976039214 -42.466 36.9121
-45.7136 47.257 -47.49623842163189 44.01032688946049
-45.31137149635631 47.680752340663496 -45.7136 47.257
-44.8247 47.5609 -45.31137149635631 47.680752340663496
-45.5729 48.4004 -45.31137149635631 47.680752340663496
-50.6541 50.0385 -53.43649300373063 47.0465065239255
-49.549491160371474 53.38628598367338 -50.6541 50.0385
-49.9689 53.8875 -49.549491160371474 53.38628598367338
-47.2508 53.9569 -49.549491160371474 53.38628598367338
-51.03247691808825 57.30643151126633 -49.9689 53.8875
-49.8508 58.2313 -51.03247691808825 57.30643151126633
-53.1531 57.7408 -51.03247691808825 57.30643151126633
-54.54985053744886 59.149767036577806 -53.1531 57.7408
-54.4784 60.726 -54.54985053744886 59.149767036577806
-57.2168 58.556 -54.54985053744886 59.149767036577806
-50.7704 62.2401 -54.4784 60.726
-37.0602 33.3713 -41.19361407154933 33.830935976039214
-44.0616 30.493 -41.19361407154933 33.830935976039214
-43.5688 56.773 -47.2508 53.9569
-43.5561 58.3965 -43.5688 56.773
-41.07369511640368 60.073643169998434 -43.5561 58.3965
-41.0414 62.7245 -41.07369511640368 60.073643169998434
-38.4949 59.0029 -41.07369511640368 60.073643169998434
-38.4282 56.4261 -38.4949 59.0029
-40.094786520357985 65.94012310319229 -41.0414 62.7245
-38.7877 66.1366 -40.094786520357985 65.94012310319229
-39.814814958912 52.695087412580605 -38.4282 56.4261
-40.0892 52.0198 -39.814814958912 52.695087412580605
-75.8619 12.0649 -71.3511 15.3276
-58.1881 64.9811 -54.4784 60.726
-60.35236488428541 67.17774389890674 -58.1881 64.9811
-62.9252 67.0208 -60.35236488428541 67.17774389890674
-59.07390430483386 70.06517670477844 -60.35236488428541 67.17774389890674
-57.5681 70.3842 -59.07390430483386 70.06517670477844
-54.9615 73.111 -57.5681 70.3842
-61.4783 73.2369 -59.07390430483386 70.06517670477844
-61.6313 73.8562 -61.4783 73.2369
-62.0903 76.1568 -61.6313 73.8562
-64.5432750210661 76.91104012023811 -62.0903 76.1568
-65.6827 75.8681 -64.5432750210661 76.91104012023811
-65.0293 80.1182 -64.5432750210661 76.91104012023811
-68.97519217950678 75.81509218718841 -65.6827 75.8681
-70.3219 73.5028 -68.97519217950678 75.81509218718841
-72.7538 70.9066 -70.3219 73.5028
-75.9647 70.8473 -72.7538 70.9066
-77.3084 68.9062 -75.9647 70.8473
-77.26854318968992 67.9045866018887 -77.3084 68.9062
-75.3111 66.2193 -77.26854318968992 67.9045866018887
-77.41828456166022 73.36404561086471 -75.9647 70.8473
-77.9702 73.261 -77.41828456166022 73.36404561086471
-76.8787 74.2568 -77.41828456166022 73.36404561086471
-81.1597 73.1806 -77.9702 73.261
-82.29771212354979 75.07785392056726 -81.1597 73.1806
-82.0294 75.812 -82.29771212354979 75.07785392056726
-71.79223869674546 79.98616713456042 -68.97519217950678 75.81509218718841
-71.5958 80.3347 -71.79223869674546 79.98616713456042
-72.6012 79.8535 -71.79223869674546 79.98616713456042
-73.1091 83.0983 -71.5958 80.3347
-70.7609 86.5687 -73.1091 83.0983
-68.9172 89.0501 -70.7609 86.5687
-68.73440007816221 89.64661943432014 -68.9172 89.0501
-70.3697 91.0818 -68.73440007816221 89.64661943432014
-71.7491 91.4631 -70.3697 91.0818
-72.22415227095766 93.14723621223858 -71.7491 91.4631
-73.6107 93.6883 -72.22415227095766 93.14723621223858
-70.82022728862609 94.80710132853788 -72.22415227095766 93.14723621223858
-70.2593 94.6203 -70.82022728862609 94.80710132853788
-72.0064 97.9055 -70.82022728862609 94.80710132853788
-65.1611 91.783 -68.73440007816221 89.64661943432014
-60.384 92.632 -65.1611 91.783
-59.12018945289524 93.75622458696682 -60.384 92.632
-58.5582 93.844 -59.12018945289524 93.75622458696682
-55.9219 92.1912 -58.5582 93.844
-51.8413 95.4231 -55.9219 92.1912
-87.5563 74.5952 -82.29771212354979 75.07785392056726
-88.50391233363965 75.52164502675365 -87.5563 74.5952
-89.1406 75.3393 -88.50391233363965 75.52164502675365
-92.268 73.5777 -89.1406 75.3393
-95.5498 71.2122 -92.268 73.5777
-87.8871 79.5313 -88.50391233363965 75.52164502675365
-96.0748 65.5646 -95.5498 71.2122
-95.43643965408754 62.94205195909251 -96.0748 65.5646
-93.6323 62.461 -95.43643965408754 62.94205195909251
-99.3542 59.0705 -95.43643965408754 62.94205195909251
-60.6697 99.4307 -59.12018945289524 93.75622458696682
-80.5673 20.1224 -74.87841423518734 21.994818834401222
-85.2576 19.7559 -80.5673 20.1224
-87.4228 19.5913 -85.2576 19.7559
-89.2546 19.8388 -87.4228 19.5913
-91.1052800791403 21.718745390036126 -89.2546 19.8388
-91.1201 22.1983 -91.1052800791403 21.718745390036126
-92.2342 21.3861 -91.1052800791403 21.718745390036126
-93.39402516102808 21.025893684539458 -92.2342 21.3861
-94.7321 17.2032 -93.39402516102808 21.025893684539458
-93.3892 14.331 -94.7321 17.2032
-96.4111 24.2091 -93.39402516102808 21.025893684539458
-97.27827109905098 24.721283462525285 -96.4111 24.2091
-99.8242 23.2701 -97.27827109905098 24.721283462525285
-89.34684426888694 10.595617683315066 -93.3892 14.331
-89.74957054584681 7.992716090772095 -89.34684426888694 10.595617683315066
-91.1251 7.69822 -89.74957054584681 7.992716090772095
-87.9517 6.37204 -89.74957054584681 7.992716090772095
-86.9612 4.99748 -87.9517 6.37204
-86.9287 3.83497 -86.9612 4.99748
-83.93673603404567 2.835979427736027 -86.9287 3.83497
-83.4805 -0.0329667 -83.93673603404567 2.835979427736027
-81.8534 -1.20466 -83.4805 -0.0329667
-80.79106396733168 -1.802008432402169 -81.8534 -1.20466
-80.7985 -3.31461 -80.79106396733168 -1.802008432402169
-81.6933 5.26002 -83.93673603404567 2.835979427736027
-84.8451 12.3118 -89.34684426888694 10.595617683315066
-76.3205 1.0118 -80.79106396733168 -1.802008432402169
-97.78414973510574 30.79982755598413 -97.27827109905098 24.721283462525285
-96.2168 31.7187 -97.78414973510574 30.79982755598413
-99.6671 31.7228 -97.78414973510574 30.79982755598413
-92.8363717939236 34.44138347733811 -96.2168 31.7187
-92.7265 36.3332 -92.8363717939236 34.44138347733811
-93.60188374220743 40.24360215288044 -92.7265 36.3332
-96.1815 41.3071 -93.60188374220743 40.24360215288044
-88.008 32.2851 -92.8363717939236 34.44138347733811
-87.9715 30.2589 -88.008 32.2851
-87.3864 29.5746 -87.9715 30.2589
-89.2611 44.3743 -93.60188374220743 40.24360215288044
-85.84148692861925 43.33563915606161 -89.2611 44.3743
-85.6037 42.9528 -85.84148692861925 43.33563915606161
-85.4262 43.7839 -85.84148692861925 43.33563915606161
-83.5302 39.8002 -85.6037 42.9528
-51.20431407566786 78.1613475476755 -54.9615 73.111
-49.9288 78.0906 -51.20431407566786 78.1613475476755
-52.897755194331644 81.34236067022145 -51.20431407566786 78.1613475476755
-53.8946 81.4772 -52.897755194331644 81.34236067022145
-50.86123000961489 84.69797531560587 -52.897755194331644 81.34236067022145
-49.8691 84.6123 -50.86123000961489 84.69797531560587
-51.3543 85.978 -50.86123000961489 84.69797531560587
-50.9085 86.2589 -51.3543 85.978
-48.947053284186104 87.32586485068798 -50.9085 86.2589
-49.0085 87.9451 -48.947053284186104 87.32586485068798
-46.7426 85.8643 -48.947053284186104 87.32586485068798
-43.620406953599066 87.6653716380684 -46.7426 85.8643
-43.5538 89.8788 -43.620406953599066 87.6653716380684
-41.7668 86.195 -43.620406953599066 87.6653716380684
-39.7221 93.4076 -43.5538 89.8788
-44.105 78.729 -49.9288 78.0906
-39.52770483968257 78.81833205618382 -44.105 78.729
-38.7356 77.7144 -39.52770483968257 78.81833205618382
-38.8383 80.1703 -39.52770483968257 78.81833205618382
-34.9438 81.6418 -38.8383 80.1703
-34.1888 95.436 -39.7221 93.4076
-33.4263 96.9844 -34.1888 95.436
-31.32963485170786 97.56217220628794 -33.4263 96.9844
-30.6983 99.0916 -31.32963485170786 97.56217220628794
-29.3087 95.1576 -31.32963485170786 97.56217220628794
-29.2738 90.6946 -29.3087 95.1576
-27.325144369027743 88.54077345905135 -29.2738 90.6946
-27.5833 87.0483 -27.325144369027743 88.54077345905135
-24.2324 89.5699 -27.325144369027743 88.54077345905135
-20.5227 85.7577 -24.2324 89.5699
-19.579778062011968 82.76748743031686 -20.5227 85.7577
-20.1384 82.1706 -19.579778062011968 82.76748743031686
-17.6284 82.1475 -19.579778062011968 82.76748743031686
-13.9108 85.1006 -17.6284 82.1475
-13.613 89.9504 -13.9108 85.1006
-16.6321 93.1673 -13.613 89.9504
-18.0084 94.848 -16.6321 93.1673
-19.452 99.0801 -18.0084 94.848
-44.2873 70.7596 -40.094786520357985 65.94012310319229
-97.15252957623359 53.02490571451323 -99.3542 59.0705
-97.3715 52.7248 -97.15252957623359 53.02490571451323
-94.3754 52.9535 -97.15252957623359 53.02490571451323
-88.9442 55.1761 -94.3754 52.9535
-86.75710900792652 55.46050712386411 -88.9442 55.1761
-85.2978 58.8556 -86.75710900792652 55.46050712386411
-84.5351 52.4688 -86.75710900792652 55.46050712386411
-80.09 92.5844 -73.6107 93.6883
-82.93081344208439 92.7322435396874 -80.09 92.5844
-83.9294 94.6692 -82.93081344208439 92.7322435396874
-85.2446 88.7978 -82.93081344208439 92.7322435396874
-87.9475 88.8385 -85.2446 88.7978
-89.9037 88.8904 -87.9475 88.8385
-91.01937299371674 89.22054496163885 -89.9037 88.8904
-93.0002 86.4315 -91.01937299371674 89.22054496163885
-93.1514 95.4477 -91.01937299371674 89.22054496163885
-26.4888 80.3667 -20.1384 82.1706
-27.4814 77.3199 -26.4888 80.3667
-26.275 71.5391 -27.4814 77.3199
-27.571433408847128 69.76746652617318 -26.275 71.5391
-28.2653 69.8166 -27.571433408847128 69.76746652617318
-33.2046 72.7063 -28.2653 69.8166
-25.1501 63.9054 -27.571433408847128 69.76746652617318
-20.3713 63.9452 -25.1501 63.9054
-18.627479919342445 63.774888339378684 -20.3713 63.9452
-18.0491 62.8563 -18.627479919342445 63.774888339378684
-16.101830059738596 66.86096196567047 -18.627479919342445 63.774888339378684
-16.9211 68.3021 -16.101830059738596 66.86096196567047
-13.6678 66.2774 -16.101830059738596 66.86096196567047
-9.782234845203515 66.71865601803813 -13.6678 66.2774
-8.84968 68.7951 -9.782234845203515 66.71865601803813
-7.551 63.5123 -9.782234845203515 66.71865601803813
-6.56546 63.492 -7.551 63.5123
-28.4656 59.807 -25.1501 63.9054
-99.2363 84.1871 -93.0002 86.4315
-45.7858 98.3244 -51.8413 95.4231
-83.6525 65.7416 -77.26854318968992 67.9045866018887
-50.6053 19.3446 -47.0517 13.5653
-99.6685 97.3766 -93.1514 95.4477
-80.1651 -44.8833 -79.2405 -37.9662
-79.3492 -45.2161 -80.1651 -44.8833
-79.6725 -48.5663 -79.3492 -45.2161
-82.8174 -54.0151 -79.6725 -48.5663
-98.5325 -39.5618 -94.17469680255195 -34.071753856194626
28.5958 -97.0099 33.9409 -92.4572
25.3648 -96.5544 28.5958 -97.0099
22.71983535999781 -97.26624549845684 25.3648 -96.5544
22.5503 -99.2176 22.71983535999781 -97.26624549845684
18.3176 -93.6722 22.71983535999781 -97.26624549845684
18.3896 -88.0691 18.3176 -93.6722
-21.8134 -23.3238 -27.5885 -19.2585
-17.76870225049605 -25.266122258012228 -21.8134 -23.3238
-15.1733 -23.8783 -17.76870225049605 -25.266122258012228
-12.239031839196144 -21.575445949961626 -15.1733 -23.8783
-12.686660682363106 -17.528824175455732 -12.239031839196144 -21.575445949961626
-14.3695 -16.4883 -12.686660682363106 -17.528824175455732
-17.5579 -29.6262 -17.76870225049605 -25.266122258012228
-8.04745 -23.4357 -12.239031839196144 -21.575445949961626
-7.71332 -13.8492 -12.686660682363106 -17.528824175455732
-6.97396 -12.2 -7.71332 -13.8492
-4.45365 -12.7177 -6.97396 -12.2
-3.961312110020616 -13.046062869566184 -4.45365 -12.7177
-4.44826 -15.9897 -3.961312110020616 -13.046062869566184
0.454946 -11.7374 -3.961312110020616 -13.046062869566184
1.9910560671487263 -10.58154425785985 0.454946 -11.7374
2.93189 -10.7953 1.9910560671487263 -10.58154425785985
1.6313598916546925 -7.957134443537424 1.9910560671487263 -10.58154425785985
0.946123 -7.70809 1.6313598916546925 -7.957134443537424
3.5191 -6.55824 1.6313598916546925 -7.957134443537424
3.2082305484223466 -4.941014915009157 3.5191 -6.55824
3.9977 -4.43914 3.2082305484223466 -4.941014915009157
6.51255 -2.74241 3.9977 -4.43914
-0.0685338 -3.22543 3.2082305484223466 -4.941014915009157
-1.94559 0.635462 -0.0685338 -3.22543
-6.60652 3.49644 -1.94559 0.635462
11.753807451812142 -5.991126075214141 6.51255 -2.74241
11.6465 -7.40197 11.753807451812142 -5.991126075214141
13.798 -4.79593 11.753807451812142 -5.991126075214141
17.0363 -5.04498 13.798 -4.79593
29.299 -4.04428 25.3159 1.90187
31.440554866514326 -5.179752417490633 29.299 -4.04428
31.6129 -7.19343 31.440554866514326 -5.179752417490633
32.2711 -7.91317 31.6129 -7.19343
33.1007 -9.62975 32.2711 -7.91317
33.42520149327365 -9.916419533671816 33.1007 -9.62975
34.89814442825942 -11.341210565836509 33.42520149327365 -9.916419533671816
34.5989 -12.1753 34.89814442825942 -11.341210565836509
33.9625 -14.8948 34.5989 -12.1753
34.9386 -16.6407 33.9625 -14.8948
31.047 -15.9113 33.9625 -14.8948
38.7852 -10.2559 34.89814442825942 -11.341210565836509
26.647 -16.6516 31.047 -15.9113
27.2642 -9.10432 31.6129 -7.19343
21.99039970297318 -19.71716819533042 26.647 -16.6516
22.1989 -22.1849 21.99039970297318 -19.71716819533042
19.1483 -18.296 21.99039970297318 -19.71716819533042
18.25791873352172 -16.726651487087732 19.1483 -18.296
20.6118 -13.4353 18.25791873352172 -16.726651487087732
13.709815550648203 -16.67702640763918 18.25791873352172 -16.726651487087732
13.2394 -15.4799 13.709815550648203 -16.67702640763918
12.9797 -18.2467 13.709815550648203 -16.67702640763918
11.872130233038675 -19.56098637241263 12.9797 -18.2467
11.0905 -19.4433 11.872130233038675 -19.56098637241263
36.4098 -2.21137 31.440554866514326 -5.179752417490633
45.0051 -9.86087 38.7852 -10.2559
45.50656709849582 -9.27811371652386 45.0051 -9.86087
45.9904 -9.42238 45.50656709849582 -9.27811371652386
46.6847 -9.02094 45.9904 -9.42238
45.0469 -8.45351 45.50656709849582 -9.27811371652386
45.7847 -5.10944 45.0469 -8.45351
50.342 -12.6723 46.6847 -9.02094
49.77989690385118 -0.6787463844631176 45.7847 -5.10944
49.6585 -0.303976 49.77989690385118 -0.6787463844631176
46.3165 55.0291 39.9582 51.6492
49.8503 53.8228 46.3165 55.0291
54.9572 56.3172 49.8503 53.8228
55.71060848014203 57.1153370936002 54.9572 56.3172
59.4765 56.435 55.71060848014203 57.1153370936002
53.872 62.6094 55.71060848014203 57.1153370936002
47.411 62.8576 53.872 62.6094
42.8143 62.4825 47.411 62.8576
41.0199 64.2876 42.8143 62.4825
40.237965309049734 64.8480651526852 41.0199 64.2876
37.5178 64.478 40.237965309049734 64.8480651526852
37.2862 64.5597 37.5178 64.478
41.6958 67.9113 40.237965309049734 64.8480651526852
42.9102427151134 68.94475214032367 41.6958 67.9113
46.1722 67.5137 42.9102427151134 68.94475214032367
42.3129 72.7286 42.9102427151134 68.94475214032367
41.06557314818328 73.62209530439411 42.3129 72.7286
38.2459 72.3591 41.06557314818328 73.62209530439411
41.8399 78.1013 41.06557314818328 73.62209530439411
-96.7851 -59.2173 -93.7192 -65.8408
14.8662 -26.2432 11.872130233038675 -19.56098637241263
14.3783 -29.5879 14.8662 -26.2432
14.6366 -33.8483 14.3783 -29.5879
15.3552 -34.5545 14.6366 -33.8483
12.7967 -34.9475 14.6366 -33.8483
7.30565 -34.0842 12.7967 -34.9475
7.19127 -33.4143 7.30565 -34.0842
4.56154 -31.2365 7.19127 -33.4143
2.57854 -27.2767 4.56154 -31.2365
-14.3171 21.8638 -20.6689 25.5997
-8.435870405827325 20.729795023955518 -14.3171 21.8638
-7.38826 17.8838 -8.435870405827325 20.729795023955518
-5.36159 24.7859 -8.435870405827325 20.729795023955518
-3.84968 12.8226 -7.38826 17.8838
2.5883125957084516 11.474787577056993 -3.84968 12.8226
3.05809 9.96274 2.5883125957084516 11.474787577056993
6.28546 14.8721 2.5883125957084516 11.474787577056993
58.954 26.9435 51.5734 26.5114
60.6146 30.2507 58.954 26.9435
61.6535943797879 30.306594904382912 60.6146 30.2507
63.2422 28.3407 61.6535943797879 30.306594904382912
64.9395 26.5477 63.2422 28.3407
65.9345132425017 25.922057963568257 64.9395 26.5477
66.1244 25.9772 65.9345132425017 25.922057963568257
58.9762 33.1946 60.6146 30.2507
63.841 33.4209 61.6535943797879 30.306594904382912
67.284 36.1124 63.841 33.4209
67.2413 37.4829 67.284 36.1124
68.9281 35.7419 67.284 36.1124
65.33065966525635 40.18077835089308 67.2413 37.4829
62.6761 39.8955 65.33065966525635 40.18077835089308
67.4164 43.959 65.33065966525635 40.18077835089308
73.2964152658958 37.510238315844624 68.9281 35.7419
74.0752 40.6664 73.2964152658958 37.510238315844624
76.7129 41.6797 74.0752 40.6664
69.7391 29.6151 66.1244 25.9772
77.3021 34.2703 73.2964152658958 37.510238315844624
76.4701 30.4093 77.3021 34.2703
78.11607410912092 27.763303789064736 76.4701 30.4093
83.1635 28.0309 78.11607410912092 27.763303789064736
86.3829 27.9047 83.1635 28.0309
87.6727 28.7994 86.3829 27.9047
87.1872 30.3029 87.6727 28.7994
87.60219439921947 31.692831502235865 87.1872 30.3029
86.7855 32.49 87.60219439921947 31.692831502235865
86.45389637938928 32.78510753106735 86.7855 32.49
85.7805 32.4355 86.45389637938928 32.78510753106735
89.8314 32.3987 87.60219439921947 31.692831502235865
86.0873 37.3545 86.45389637938928 32.78510753106735
89.04240031595326 40.78823539741244 86.0873 37.3545
90.883 40.4413 89.04240031595326 40.78823539741244
94.6386 32.8691 89.8314 32.3987
75.6422 23.2253 78.11607410912092 27.763303789064736
72.8343 19.1854 75.6422 23.2253
73.5729 17.6365 72.8343 19.1854
56.9377 39.9182 62.6761 39.8955
52.4396 40.2381 56.9377 39.9182
51.68523951786448 40.29438246399424 52.4396 40.2381
50.7725 39.1358 51.68523951786448 40.29438246399424
50.4447 43.9282 51.68523951786448 40.29438246399424
96.55337199822951 41.49939027483446 90.883 40.4413
98.2203 39.6445 96.55337199822951 41.49939027483446
99.046 39.6771 98.2203 39.6445
88.63372587702985 22.586343599616743 86.3829 27.9047
87.8236 21.357 88.63372587702985 22.586343599616743
85.68371157392237 19.64706661473771 87.8236 21.357
84.1659 20.4499 85.68371157392237 19.64706661473771
86.017 16.6041 85.68371157392237 19.64706661473771
84.066 13.8427 86.017 16.6041
80.3993 11.5221 84.066 13.8427
94.1043 21.7496 88.63372587702985 22.586343599616743
97.486 20.672 94.1043 21.7496
97.3458 19.3405 97.486 20.672
99.0668 17.5295 97.3458 19.3405
45.7217 35.2474 50.7725 39.1358
39.6921 34.9049 45.7217 35.2474
64.1866 19.3474 65.9345132425017 25.922057963568257
64.34942788362858 18.99697487125849 64.1866 19.3474
65.8662 18.3429 64.34942788362858 18.99697487125849
62.3791 17.3724 64.34942788362858 18.99697487125849
71.9321 49.8269 67.4164 43.959
71.20560524239696 51.452471537279166 71.9321 49.8269
69.8717 51.5703 71.20560524239696 51.452471537279166
73.2077 54.638 71.20560524239696 51.452471537279166
56.8767 -2.9948 49.77989690385118 -0.6787463844631176
58.925521263119286 -3.4971682640912936 56.8767 -2.9948
60.9825 -1.63185 58.925521263119286 -3.4971682640912936
60.7178 -8.73361 58.925521263119286 -3.4971682640912936
61.33 -12.0549 60.7178 -8.73361
62.30959579809866 -16.18107223352721 61.33 -12.0549
62.6565 -17.834 62.30959579809866 -16.18107223352721
61.271 -19.8954 62.6565 -17.834
59.65721865484767 -22.247119930929927 61.271 -19.8954
60.7591 -24.6077 59.65721865484767 -22.247119930929927
63.746969635001825 -25.827176885109473 60.7591 -24.6077
64.1452 -27.6799 63.746969635001825 -25.827176885109473
65.741 -24.5642 63.746969635001825 -25.827176885109473
66.3102 -21.3098 65.741 -24.5642
54.992074644593636 -22.236101246116196 59.65721865484767 -22.247119930929927
54.1236 -20.7024 54.992074644593636 -22.236101246116196
52.4644 -26.5901 54.992074644593636 -22.236101246116196
51.15321856185721 -27.00391062477884 52.4644 -26.5901
51.0843 -27.4639 51.15321856185721 -27.00391062477884
49.1044 -24.992 51.15321856185721 -27.00391062477884
51.5242 -31.0847 51.0843 -27.4639
50.4661670098156 -33.28694144091317 51.5242 -31.0847
48.8149 -33.5855 50.4661670098156 -33.28694144091317
52.3455 -35.8618 50.4661670098156 -33.28694144091317
45.0697 -26.7373 49.1044 -24.992
67.4635 -32.1444 64.1452 -27.6799
67.0069 -33.4723 67.4635 -32.1444
39.513564648270126 -27.155770370191107 45.0697 -26.7373
38.6456 -29.6462 39.513564648270126 -27.155770370191107
38.59714688248529 -30.860466204344334 38.6456 -29.6462
39.9278 -31.6304 38.59714688248529 -30.860466204344334
37.5156 -24.5031 39.513564648270126 -27.155770370191107
34.9222 -32.2133 38.59714688248529 -30.860466204344334
30.4117 -36.4921 34.9222 -32.2133
28.2752 -35.5699 30.4117 -36.4921
26.3527 -34.1131 28.2752 -35.5699
67.0133 1.27801 60.9825 -1.63185
66.8677 1.93165 67.0133 1.27801
69.1963 2.65474 66.8677 1.93165
71.18338388945408 4.642589308224695 69.1963 2.65474
72.5984 4.17776 71.18338388945408 4.642589308224695
73.5983 3.41396 72.5984 4.17776
70.3299 9.84569 71.18338388945408 4.642589308224695
69.2651 9.86047 70.3299 9.84569
-85.2299 -25.3281 -80.6923 -31.2773
40.047 -39.1719 39.9278 -31.6304
48.81840234077521 80.96733208207893 41.8399 78.1013
49.3358 80.6602 48.81840234077521 80.96733208207893
48.916 83.8237 48.81840234077521 80.96733208207893
52.1235 79.5828 49.3358 80.6602
52.1465 77.1948 52.1235 79.5828
47.11489913881071 90.7686964164862 48.916 83.8237
48.0954 91.643 47.11489913881071 90.7686964164862
50.73490768421915 93.49843509200716 48.0954 91.643
50.6712 96.5101 50.73490768421915 93.49843509200716
42.1953 92.5851 47.11489913881071 90.7686964164862
40.52005716303612 95.22958541982973 42.1953 92.5851
38.0332 95.0914 40.52005716303612 95.22958541982973
41.8139 97.9877 40.52005716303612 95.22958541982973
34.2159 94.8934 38.0332 95.0914
55.9207 91.2315 50.73490768421915 93.49843509200716
59.5745 94.0598 55.9207 91.2315
62.9404 95.6912 59.5745 94.0598
66.1338 95.08 62.9404 95.6912
66.63618172452121 91.28452339915708 66.1338 95.08
67.6203 90.8057 66.63618172452121 91.28452339915708
64.0184 89.4061 66.63618172452121 91.28452339915708
72.0143 90.7183 67.6203 90.8057
73.8027 90.9303 72.0143 90.7183
75.98426738302595 90.47075816798983 73.8027 90.9303
77.39071450184268 91.61668779556676 75.98426738302595 90.47075816798983
77.097 93.5335 77.39071450184268 91.61668779556676
80.4608 90.8583 77.39071450184268 91.61668779556676
77.0972 87.3854 75.98426738302595 90.47075816798983
76.7062407607286 84.62457861463939 77.0972 87.3854
78.0037 83.3268 76.7062407607286 84.62457861463939
80.1888 79.976 78.0037 83.3268
80.2436 79.5314 80.1888 79.976
81.002 76.6395 80.2436 79.5314
82.791584590081 74.50407472779341 81.002 76.6395
83.2988 74.4762 82.791584590081 74.50407472779341
82.1388 72.8496 82.791584590081 74.50407472779341
72.16325982907539 83.20608151016677 76.7062407607286 84.62457861463939
71.7022 83.5954 72.16325982907539 83.20608151016677
72.0073 81.7899 72.16325982907539 83.20608151016677
69.56147516903876 78.11429331480892 72.0073 81.7899
68.4079 78.1475 69.56147516903876 78.11429331480892
83.7205 87.3007 80.4608 90.8583
88.0326 88.9506 83.7205 87.3007
89.1926 88.9621 88.0326 88.9506
89.9556 87.8632 89.1926 88.9621
92.6190873121022 86.75363495807028 89.9556 87.8632
93.29281077108175 83.8224869269576 92.6190873121022 86.75363495807028
94.0173 83.5695 93.29281077108175 83.8224869269576
90.0546 81.4513 93.29281077108175 83.8224869269576
64.2355 84.0505 64.0184 89.4061
63.0517 77.1381 68.4079 78.1475
61.06318246688871 72.0794851717086 63.0517 77.1381
58.0189 71.7157 61.06318246688871 72.0794851717086
63.4634 68.8403 61.06318246688871 72.0794851717086
28.6443 96.2578 34.2159 94.8934
73.5568 71.6549 69.56147516903876 78.11429331480892
-96.6052 2.34555 -91.1251 7.69822
-98.9021 -2.85293 -96.6052 2.34555
86.3059 47.9455 89.04240031595326 40.78823539741244
90.4862 71.7532 83.2988 74.4762
92.223 69.5775 90.4862 71.7532
89.8902 66.4307 92.223 69.5775
-50.5949 -81.8509 -53.1761 -74.5679
-49.2155 -84.3474 -50.5949 -81.8509
-51.1954 -91.3684 -49.2155 -84.3474
-83.04942621947183 -10.712842093164022 -80.7985 -3.31461
-80.1335 -14.6332 -83.04942621947183 -10.712842093164022
-79.5521 -15.6995 -80.1335 -14.6332
-79.5485 -17.4328 -79.5521 -15.6995
-88.1908 -11.7221 -83.04942621947183 -10.712842093164022
-89.4167 -10.7051 -88.1908 -11.7221
-98.4188 -81.7294 -90.69015877686373 -82.6679924988117
-71.15080539566735 59.61348754121923 -75.3111 66.2193
-70.6657 59.6901 -71.15080539566735 59.61348754121923
-71.4118 59.0895 -71.15080539566735 59.61348754121923
54.96022229060173 -43.336808859900415 52.3455 -35.8618
54.1234 -44.4186 54.96022229060173 -43.336808859900415
59.2583 -43.8222 54.96022229060173 -43.336808859900415
72.1657 63.8313 73.5568 71.6549
72.3935 -39.3337 67.0069 -33.4723
73.48493106948365 -44.482464728628244 72.3935 -39.3337
74.2451 -44.597 73.48493106948365 -44.482464728628244
71.3944 -46.4223 73.48493106948365 -44.482464728628244
76.68 -46.3334 74.2451 -44.597
78.8679981641711 -46.7319612097947 76.68 -46.3334
79.0109 -47.4517 78.8679981641711 -46.7319612097947
80.7226 -44.8563 78.8679981641711 -46.7319612097947
77.85287040127362 -52.287348441522454 79.0109 -47.4517
79.9042 -53.9461 77.85287040127362 -52.287348441522454
81.7844 -56.9503 79.9042 -53.9461
82.6004 -40.1578 80.7226 -44.8563
72.2859 -54.2798 77.85287040127362 -52.287348441522454
71.26565057830751 -56.351691275258325 72.2859 -54.2798
67.832 -56.9106 71.26565057830751 -56.351691275258325
66.1993166376033 -59.29263609151022 67.832 -56.9106
64.7159 -59.2148 66.1993166376033 -59.29263609151022
67.1994 -60.7644 66.1993166376033 -59.29263609151022
63.27956692449673 -58.06292052720819 64.7159 -59.2148
62.666 -58.3101 63.27956692449673 -58.06292052720819
63.5892 -54.8461 63.27956692449673 -58.06292052720819
63.84128071633946 -52.88855906033943 63.5892 -54.8461
64.4601 -52.4507 63.84128071633946 -52.88855906033943
62.3706 -52.1063 63.84128071633946 -52.88855906033943
62.4007 -52.0422 62.3706 -52.1063
60.265 -60.8168 62.666 -58.3101
58.2281 -60.4199 60.265 -60.8168
57.136343773240206 -61.04187250708422 58.2281 -60.4199
56.4579 -60.608 57.136343773240206 -61.04187250708422
57.5414 -63.9184 57.136343773240206 -61.04187250708422
53.0418 -62.0756 56.4579 -60.608
56.4949 -56.518 56.4579 -60.608
48.3080143201961 -62.36517330058963 53.0418 -62.0756
46.5197 -59.4072 48.3080143201961 -62.36517330058963
46.1357 -65.5997 48.3080143201961 -62.36517330058963
74.3653 -60.507 71.26565057830751 -56.351691275258325
61.662 -67.6759 57.5414 -63.9184
61.67760855782278 -70.5273692903697 61.662 -67.6759
59.7287 -71.3404 61.67760855782278 -70.5273692903697
58.04949920663047 -71.47604365596389 59.7287 -71.3404
57.6349 -73.1331 58.04949920663047 -71.47604365596389
64.0252 -71.8426 61.67760855782278 -70.5273692903697
63.97376482245848 -74.59399271270317 64.0252 -71.8426
62.6469 -75.2554 63.97376482245848 -74.59399271270317
55.7351 -69.2446 58.04949920663047 -71.47604365596389
66.7364 -69.9377 64.0252 -71.8426
69.1151 -70.4934 66.7364 -69.9377
71.9713202019684 -68.87647138158431 69.1151 -70.4934
72.0451 -67.6625 71.9713202019684 -68.87647138158431
73.2684 -69.9535 71.9713202019684 -68.87647138158431
67.2751 -76.5524 63.97376482245848 -74.59399271270317
66.6756 -79.0841 67.2751 -76.5524
68.99016648065829 -80.93853050999397 66.6756 -79.0841
68.2232 -84.549 68.99016648065829 -80.93853050999397
72.6721 -79.5064 68.99016648065829 -80.93853050999397
56.712212485301336 -77.06918709856056 57.6349 -73.1331
53.9974 -77.801 56.712212485301336 -77.06918709856056
58.8479 -79.1184 56.712212485301336 -77.06918709856056
76.7622 -79.1805 72.6721 -79.5064
78.56580857355607 -81.25058771645658 76.7622 -79.1805
81.9239 -81.3196 78.56580857355607 -81.25058771645658
76.9414 -85.4628 78.56580857355607 -81.25058771645658
78.5331 -74.3925 76.7622 -79.1805
81.3414 -69.9258 78.5331 -74.3925
51.1567 -82.9496 53.9974 -77.801
54.1188 -86.9545 51.1567 -82.9496
53.1064 -88.773 54.1188 -86.9545
54.0409 -89.9832 53.1064 -88.773
54.20946220928042 -90.14378022066677 54.0409 -89.9832
53.413 -91.7159 54.20946220928042 -90.14378022066677
52.007506227840075 -93.48798576965913 53.413 -91.7159
51.5143 -93.4086 52.007506227840075 -93.48798576965913
52.7098 -94.8179 52.007506227840075 -93.48798576965913
58.7951 -90.5496 54.20946220928042 -90.14378022066677
63.2079 -90.5878 58.7951 -90.5496
64.42160757583311 -93.09133104288789 63.2079 -90.5878
61.0987 -97.5077 64.42160757583311 -93.09133104288789
80.4505 -90.5628 76.9414 -85.4628
82.8736 -33.7417 82.6004 -40.1578
83.4047 -31.3407 82.8736 -33.7417
83.1743 -31.2654 83.4047 -31.3407
80.72696980812701 -28.816781441002124 83.1743 -31.2654
78.4298 -29.3747 80.72696980812701 -28.816781441002124
82.43305303719728 -23.55227902231853 80.72696980812701 -28.816781441002124
84.5943 -23.2566 82.43305303719728 -23.55227902231853
85.7055 -23.8745 84.5943 -23.2566
89.10821040179017 -23.1053513610359 85.7055 -23.8745
89.509 -22.2354 89.10821040179017 -23.1053513610359
90.9069 -20.1495 89.509 -22.2354
92.79650775643539 -18.920278788613274 90.9069 -20.1495
93.3819 -19.2838 92.79650775643539 -18.920278788613274
92.46131515895885 -15.459655078498242 92.79650775643539 -18.920278788613274
92.0919 -26.6961 89.10821040179017 -23.1053513610359
96.4336 -12.1699 92.46131515895885 -15.459655078498242
98.0416 -21.6955 93.3819 -19.2838
87.3734 -13.2125 92.46131515895885 -15.459655078498242
86.3349 -9.53997 87.3734 -13.2125
88.43958798892689 -4.150203498141727 86.3349 -9.53997
87.3217 -2.59042 88.43958798892689 -4.150203498141727
86.5749 -0.757178 87.3217 -2.59042
91.46408303960314 -3.6302451160048843 88.43958798892689 -4.150203498141727
92.2872 -4.60966 91.46408303960314 -3.6302451160048843
92.219 -2.29709 91.46408303960314 -3.6302451160048843
92.41482234870226 0.9872599632139534 92.219 -2.29709
89.5411 3.02292 92.41482234870226 0.9872599632139534
95.7636 2.96223 92.41482234870226 0.9872599632139534
71.0165 -93.5461 64.42160757583311 -93.09133104288789
71.6233 -94.1528 71.0165 -93.5461
71.3752 -95.519 71.6233 -94.1528
74.0777 -97.1014 71.3752 -95.519
88.4213 -69.8548 81.3414 -69.9258
89.60249689272807 -70.89947140864568 88.4213 -69.8548
90.5699 -70.794 89.60249689272807 -70.89947140864568
89.2089 -73.1922 89.60249689272807 -70.89947140864568
88.4139 -74.0781 89.2089 -73.1922
96.32310298568855 -69.95626127450065 90.5699 -70.794
97.1579 -67.4574 96.32310298568855 -69.95626127450065
97.23326623877489 -67.36105050674279 97.1579 -67.4574
97.0862 -66.5429 97.23326623877489 -67.36105050674279
96.0735 -66.0583 97.0862 -66.5429
95.86114207876835 -64.90769561560319 96.0735 -66.0583
98.5731 -67.3163 97.23326623877489 -67.36105050674279
97.8725 -72.161 96.32310298568855 -69.95626127450065
94.8696 -59.5036 95.86114207876835 -64.90769561560319
91.1031 -79.826 88.4139 -74.0781
91.0068 -80.8047 91.1031 -79.826
90.58502667651548 -83.14371486212458 91.0068 -80.8047
89.005 -83.9278 90.58502667651548 -83.14371486212458
96.2337 -86.7853 90.58502667651548 -83.14371486212458
95.58603843464904 -52.66528507276145 94.8696 -59.5036
95.1762 -52.3961 95.58603843464904 -52.66528507276145
96.5761 -52.3078 95.58603843464904 -52.66528507276145
91.25543300493226 -47.95097394267105 95.1762 -52.3961
89.4343 -48.4677 91.25543300493226 -47.95097394267105
98.8839 9.36263 95.7636 2.96223
93.5992 -40.8952 91.25543300493226 -47.95097394267105
93.4506 -39.4258 93.5992 -40.8952
96.0282 -36.5976 93.4506 -39.4258
77.1297 -17.9374 82.43305303719728 -23.55227902231853
75.3131 -17.1943 77.1297 -17.9374
-37.8738 -56.8861 -45.8597 -56.2751
-62.974 -89.6771 -60.2499 -82.1318
-62.99918014818041 -92.84642162268226 -62.974 -89.6771
-64.45043589765397 -93.63126728714374 -62.99918014818041 -92.84642162268226
-65.5587 -92.9984 -64.45043589765397 -93.63126728714374
-65.6542 -93.0661 -65.5587 -92.9984
-61.4707 -93.749 -62.99918014818041 -92.84642162268226
-58.4501 -94.7999 -61.4707 -93.749
-64.9084 -98.8684 -64.45043589765397 -93.63126728714374
-72.2625 -89.6252 -65.6542 -93.0661
-73.9802 -91.3186 -72.2625 -89.6252
-77.47814177901294 -93.557369649407 -73.9802 -91.3186
-78.5639 -92.9881 -77.47814177901294 -93.557369649407
-77.31799514897372 -96.19552698940772 -77.47814177901294 -93.557369649407
-77.0941 -96.3498 -77.31799514897372 -96.19552698940772
-79.8236 -97.1062 -77.31799514897372 -96.19552698940772
-82.44800811285518 -96.79991103270682 -79.8236 -97.1062
-84.0166 -99.1492 -82.44800811285518 -96.79991103270682
-85.8819 -99.593 -84.0166 -99.1492
-86.6316 -98.4604 -85.8819 -99.593
-87.8109996043447 -98.5704997545431 -86.6316 -98.4604
-88.1606 -98.9637 -87.8109996043447 -98.5704997545431
-88.2655 -97.7977 -87.8109996043447 -98.5704997545431
-73.9645 -99.1596 -77.0941 -96.3498
-84.3572 -92.4634 -82.44800811285518 -96.79991103270682
-93.668 -99.6056 -88.1606 -98.9637
-78.0538 31.3758 -71.7317 36.6513
-0.466127 95.6101 0.9192545780434844 87.47445388169702
-0.0453702 98.9322 -0.466127 95.6101
-26.9323 51.2821 -18.65 51.7398
-28.146099101367113 47.67800122180465 -26.9323 51.2821
-26.8712 46.0745 -28.146099101367113 47.67800122180465
-30.33017693431009 47.451136439628925 -28.146099101367113 47.67800122180465
-30.8219 48.6283 -30.33017693431009 47.451136439628925
-31.37062271669106 45.98675360772165 -30.33017693431009 47.451136439628925
-30.9622 45.1244 -31.37062271669106 45.98675360772165
-33.0211 45.9024 -31.37062271669106 45.98675360772165
-33.5117 46.0302 -33.0211 45.9024
-9.42337 -32.8789 -17.5579 -29.6262
-6.94199 -34.6609 -9.42337 -32.8789
-93.992 -50.9011 -96.7851 -59.2173
99.8184 92.3841 92.6190873121022 86.75363495807028
-65.7241 48.6548 -56.2404 48.0308
-67.0801 50.0342 -65.7241 48.6548
99.658 51.9395 96.55337199822951 41.49939027483446
96.6472 -97.7368 96.2337 -86.7853
94.4955 -99.9987 96.6472 -97.7368