-8.93854 -72.9781 -8.26997 -73.6924
-8.96016 -69.1535 -8.93854 -72.9781
-11.53464563386909 -76.2855939248139 -8.26997 -73.6924
-12.0732 -79.2498 -11.53464563386909 -76.2855939248139
-11.514825634841714 -81.0727850803325 -12.0732 -79.2498
-10.9758 -81.2713 -11.514825634841714 -81.0727850803325
-6.66628 -83.0679 -10.9758 -81.2713
-4.47184 -84.6356 -6.66628 -83.0679
-4.73838 -86.067 -4.47184 -84.6356
-3.04263 -86.3371 -4.73838 -86.067
0.191249 -86.7068 -3.04263 -86.3371
-16.3669 -82.6788 -11.514825634841714 -81.0727850803325
-18.3645 -83.9356 -16.3669 -82.6788
-18.85766769665912 -84.22665572383343 -18.3645 -83.9356
-17.635 -87.3409 -18.85766769665912 -84.22665572383343
-19.9434 -89.9803 -17.635 -87.3409
-23.1716 -85.2502 -18.85766769665912 -84.22665572383343
-24.209 -85.429 -23.1716 -85.2502
-23.9098 -83.7172 -23.1716 -85.2502
-24.664165771778208 -83.16473229505067 -23.9098 -83.7172
-24.8259 -87.0736 -24.209 -85.429
-26.5634 -84.1939 -24.664165771778208 -83.16473229505067
-27.4235 -87.772 -24.8259 -87.0736
-26.5616 -79.2565 -24.664165771778208 -83.16473229505067
-26.2876 -78.963 -26.5616 -79.2565
-27.8065 -78.8875 -26.5616 -79.2565
-29.573568263951785 -91.55427712939354 -27.4235 -87.772
-31.3021 -92.0673 -29.573568263951785 -91.55427712939354
-34.3532 -90.5071 -31.3021 -92.0673
-24.9126 -93.5322 -29.573568263951785 -91.55427712939354
-22.5234 -97.7714 -24.9126 -93.5322
-15.6819 -73.1819 -11.53464563386909 -76.2855939248139
-19.0406 -74.9924 -15.6819 -73.1819
-22.6174 -72.3996 -19.0406 -74.9924
-20.765004263286908 -67.90616782941015 -22.6174 -72.3996
-18.1885 -67.5144 -20.765004263286908 -67.90616782941015
-15.2309 -65.7213 -18.1885 -67.5144
-13.6183 -64.8051 -15.2309 -65.7213
-23.9147 -65.5083 -20.765004263286908 -67.90616782941015
-25.0757 -65.4146 -23.9147 -65.5083
-27.187100351516094 -66.57047778805051 -25.0757 -65.4146
-26.9322 -67.5603 -27.187100351516094 -66.57047778805051
-29.4668 -64.7413 -27.187100351516094 -66.57047778805051
-30.8257 -61.6032 -29.4668 -64.7413
-31.1207 -61.4488 -30.8257 -61.6032
-34.5001 -96.6512 -31.3021 -92.0673
-30.7137 -99.9449 -34.5001 -96.6512
-29.3151 -98.6779 -30.7137 -99.9449
-9.17868 -60.5453 -13.6183 -64.8051
-12.149579840349759 -56.9882658839128 -9.17868 -60.5453
-10.4372 -54.4475 -12.149579840349759 -56.9882658839128
-6.1003 -53.4785 -10.4372 -54.4475
-16.6478 -55.7896 -12.149579840349759 -56.9882658839128
-2.9447 -48.5976 -6.1003 -53.4785
-3.600866645905988 -46.69160653817242 -2.9447 -48.5976
-5.41234 -46.4123 -3.600866645905988 -46.69160653817242
-9.07414 -46.3984 -5.41234 -46.4123
-9.64485 -44.6705 -9.07414 -46.3984
-0.500479 -41.96 -3.600866645905988 -46.69160653817242
2.88693 -42.1368 -0.500479 -41.96
6.09791 -43.9793 2.88693 -42.1368
8.74316 -43.1036 6.09791 -43.9793
11.5577 -46.4165 8.74316 -43.1036
13.564886573654784 -47.812406435990106 11.5577 -46.4165
13.9856 -48.4325 13.564886573654784 -47.812406435990106
13.6397 -50.3121 13.9856 -48.4325
15.7967 -46.461 13.564886573654784 -47.812406435990106
17.9416 -52.3566 13.6397 -50.3121
19.4952 -52.9195 17.9416 -52.3566
9.87462 -53.7864 13.6397 -50.3121
8.19691703608672 -57.2376179582114 9.87462 -53.7864
9.39497 -58.0875 8.19691703608672 -57.2376179582114
5.763916913895127 -57.13116510193609 8.19691703608672 -57.2376179582114
5.48782 -56.7228 5.763916913895127 -57.13116510193609
5.53783 -53.1978 5.48782 -56.7228
11.9245 -61.1099 9.39497 -58.0875
13.941078304921461 -62.79573449557816 11.9245 -61.1099
13.8907 -64.0424 13.941078304921461 -62.79573449557816
15.1358 -60.7385 13.941078304921461 -62.79573449557816
16.866281548510564 -59.73801116559725 15.1358 -60.7385
16.4234 -57.7315 16.866281548510564 -59.73801116559725
19.3895 -61.3705 16.866281548510564 -59.73801116559725
21.2219 -64.38 19.3895 -61.3705
22.5632 -64.4424 21.2219 -64.38
4.61449 -61.0642 5.763916913895127 -57.13116510193609
3.17514 -60.9992 4.61449 -61.0642
6.18612 -63.6038 4.61449 -61.0642
10.7137 -66.7297 13.8907 -64.0424
18.7974 -69.1718 21.2219 -64.38
25.8538 -60.0486 22.5632 -64.4424
29.097292196509667 -60.06857752597052 25.8538 -60.0486
29.6309 -61.6658 29.097292196509667 -60.06857752597052
32.40705547394526 -64.60955392238942 29.6309 -61.6658
33.6547 -64.3696 32.40705547394526 -64.60955392238942
31.119288310928372 -69.00801788146109 32.40705547394526 -64.60955392238942
30.1868 -68.9957 31.119288310928372 -69.00801788146109
27.817265144364075 -71.12260199168796 30.1868 -68.9957
28.3344 -73.1773 27.817265144364075 -71.12260199168796
25.5414 -71.2298 27.817265144364075 -71.12260199168796
30.5244 -55.6665 29.097292196509667 -60.06857752597052
33.29592648273872 -52.792159517708484 30.5244 -55.6665
34.70889232231483 -54.252061868489506 33.29592648273872 -52.792159517708484
35.7729 -56.2082 34.70889232231483 -54.252061868489506
36.7892 -53.0648 34.70889232231483 -54.252061868489506
32.3189 -50.1672 33.29592648273872 -52.792159517708484
31.9511 -48.7063 32.3189 -50.1672
37.9311 -59.7826 35.7729 -56.2082
26.5686 -49.1845 31.9511 -48.7063
-2.42899 -60.0873 3.17514 -60.9992
8.52006 -72.4569 10.7137 -66.7297
7.984998303016418 -76.57717656932698 8.52006 -72.4569
9.903 -77.9736 7.984998303016418 -76.57717656932698
12.2266 -78.1834 9.903 -77.9736
14.124424421442637 -80.1424048427203 12.2266 -78.1834
16.055 -79.9136 14.124424421442637 -80.1424048427203
13.2255 -82.4161 14.124424421442637 -80.1424048427203
5.22466 -76.5126 7.984998303016418 -76.57717656932698
0.370749 -74.1914 5.22466 -76.5126
-1.64928 -71.4196 0.370749 -74.1914
-7.801946208171179 -91.434030500535 -4.73838 -86.067
-9.79797 -90.6555 -7.801946208171179 -91.434030500535
-10.3535 -91.1047 -9.79797 -90.6555
-6.72979 -95.046 -7.801946208171179 -91.434030500535
-3.56012 -96.1967 -6.72979 -95.046
-3.25537 -95.1415 -3.56012 -96.1967
-2.06966 -94.1289 -3.25537 -95.1415
-9.44876 -98.8711 -6.72979 -95.046
2.722391273838417 -95.04087200753608 -2.06966 -94.1289
4.41269 -93.6687 2.722391273838417 -95.04087200753608
5.94004 -93.0856 4.41269 -93.6687
7.24667266444972 -92.76067781517315 5.94004 -93.0856
3.69568 -98.7317 2.722391273838417 -95.04087200753608
10.7604 -94.6392 7.24667266444972 -92.76067781517315
7.00504 -88.1979 7.24667266444972 -92.76067781517315
-15.1328 -48.1972 -9.07414 -46.3984
-17.1413 -45.0824 -15.1328 -48.1972
-18.2747 -45.0263 -17.1413 -45.0824
-24.55007560896983 -45.997410075157724 -18.2747 -45.0263
-24.3268 -47.6443 -24.55007560896983 -45.997410075157724
-25.6181 -43.9422 -24.55007560896983 -45.997410075157724
-28.4949 -41.3913 -25.6181 -43.9422
-30.1391 -39.7912 -28.4949 -41.3913
-33.2433 -37.0793 -30.1391 -39.7912
-35.8761 -37.6025 -33.2433 -37.0793
-35.8512 -42.1441 -35.8761 -37.6025
-35.8777 -42.2691 -35.8512 -42.1441
-39.7074 -44.7213 -35.8777 -42.2691
-43.193 -46.1571 -39.7074 -44.7213
-29.1347 -33.286 -33.2433 -37.0793
-31.6535 -28.4871 -29.1347 -33.286
-31.6661 -22.1913 -31.6535 -28.4871
-34.8331 -21.111 -31.6661 -22.1913
-27.5885 -19.2585 -31.6661 -22.1913
-27.559094132633327 -15.563689397386746 -27.5885 -19.2585
-25.9547 -13.8304 -27.559094132633327 -15.563689397386746
-30.1686 -12.9249 -27.559094132633327 -15.563689397386746
-32.9309 -14.8475 -30.1686 -12.9249
-22.4338 -10.6268 -25.9547 -13.8304
-22.316602336370618 -7.173316406659857 -22.4338 -10.6268
-19.6891 -6.35814 -22.316602336370618 -7.173316406659857
-26.0248 -2.94545 -22.316602336370618 -7.173316406659857
-28.9495 -2.45756 -26.0248 -2.94545
-33.3152 -3.55458 -28.9495 -2.45756
-34.8093 -2.54479 -33.3152 -3.55458
-36.2901 -1.55852 -34.8093 -2.54479
-36.1934 0.904579 -36.2901 -1.55852
-32.3095 -5.93397 -33.3152 -3.55458
-40.1525 1.62745 -36.1934 0.904579
-41.0061 -0.868216 -40.1525 1.62745
-41.38581137996238 4.727475830950448 -40.1525 1.62745
-44.5604 4.44293 -41.38581137996238 4.727475830950448
-47.1733 3.30629 -44.5604 4.44293
-38.772 7.00231 -41.38581137996238 4.727475830950448
-39.09772090680155 9.362268579392937 -38.772 7.00231
-40.7779 9.98944 -39.09772090680155 9.362268579392937
-41.57148345396889 12.006943744321465 -40.7779 9.98944
-41.194 13.4202 -41.57148345396889 12.006943744321465
-36.7985 11.3672 -39.09772090680155 9.362268579392937
-35.3142 6.97524 -38.772 7.00231
-49.04345699424215 -0.9031621868484097 -47.1733 3.30629
-49.4563 -1.7756 -49.04345699424215 -0.9031621868484097
-46.2829 13.138 -41.57148345396889 12.006943744321465
-47.0517 13.5653 -46.2829 13.138
-33.765 15.5552 -36.7985 11.3672
-33.7435 18.3788 -33.765 15.5552
-36.2444 19.6433 -33.7435 18.3788
-37.0378 19.235 -36.2444 19.6433
-29.7808 14.1356 -33.765 15.5552
-30.5017 21.2003 -33.7435 18.3788
-28.7332 23.3126 -30.5017 21.2003
-29.6251 23.8244 -28.7332 23.3126
-26.3595 17.1349 -29.7808 14.1356
-23.5486 22.1461 -28.7332 23.3126
-20.6689 25.5997 -23.5486 22.1461
-23.423041303389127 29.087951282101187 -20.6689 25.5997
-23.5174 30.9258 -23.423041303389127 29.087951282101187
-23.3087 31.7731 -23.5174 30.9258
-22.6585 33.7809 -23.3087 31.7731
-22.4549 36.2692 -22.6585 33.7809
-26.0757 29.1311 -23.423041303389127 29.087951282101187
-19.6504 34.6074 -22.6585 33.7809
-28.921493572015933 31.09692283692027 -26.0757 29.1311
-29.7802 31.1303 -28.921493572015933 31.09692283692027
-28.3519 33.379 -28.921493572015933 31.09692283692027
-27.52 36.2398 -28.3519 33.379
-26.596 37.7701 -27.52 36.2398
-18.1443 37.8268 -19.6504 34.6074
-18.1859 40.035 -18.1443 37.8268
-18.6046 43.7081 -18.1859 40.035
-16.9799 44.9927 -18.6046 43.7081
-16.4553 45.467 -16.9799 44.9927
-14.8996 48.2678 -16.4553 45.467
-15.379875464447498 49.41648644514321 -14.8996 48.2678
-16.5085 50.0208 -15.379875464447498 49.41648644514321
-14.2727 50.6632 -15.379875464447498 49.41648644514321
-18.65 51.7398 -16.5085 50.0208
-13.2143 54.6405 -14.2727 50.6632
-11.4358 55.5446 -13.2143 54.6405
-11.1974 55.6438 -11.4358 55.5446
-10.5621 54.6809 -11.1974 55.6438
-8.21725 50.105 -10.5621 54.6809
-5.36193 47.6325 -8.21725 50.105
-2.42175 46.1811 -5.36193 47.6325
2.1651 45.6906 -2.42175 46.1811
1.8195 41.5652 2.1651 45.6906
-2.6301 39.3991 1.8195 41.5652
-5.21558 36.7819 -2.6301 39.3991
-9.09057 35.2131 -5.21558 36.7819
-10.5017 36.4382 -9.09057 35.2131
-11.3831 36.1113 -10.5017 36.4382
-53.7199 -4.9685 -49.4563 -1.7756
-55.1433 -6.11223 -53.7199 -4.9685
-54.84880656662611 -8.217763594988584 -55.1433 -6.11223
-51.9119 -8.98552 -54.84880656662611 -8.217763594988584
-50.35276757199189 -10.802837089929241 -51.9119 -8.98552
-51.5044 -12.8455 -50.35276757199189 -10.802837089929241
-57.696294321476515 -4.335022066671504 -55.1433 -6.11223
-59.3499 -4.71364 -57.696294321476515 -4.335022066671504
-56.7509 -1.34905 -57.696294321476515 -4.335022066671504
-57.7159 -9.56525 -54.84880656662611 -8.217763594988584
-53.1369 -15.8209 -51.5044 -12.8455
-56.45888036011138 -16.284615077964915 -53.1369 -15.8209
-57.3586 -17.1636 -56.45888036011138 -16.284615077964915
-57.2765 -14.1704 -56.45888036011138 -16.284615077964915
-59.3683 -13.0994 -57.2765 -14.1704
-60.2739 -13.8351 -59.3683 -13.0994
-45.9308 -10.8462 -50.35276757199189 -10.802837089929241
-44.6665 -11.5259 -45.9308 -10.8462
-43.2709 -12.8452 -44.6665 -11.5259
-42.0467 -15.6843 -43.2709 -12.8452
-64.3345 -6.41653 -59.3499 -4.71364
-65.3013 -4.44526 -64.3345 -6.41653
-64.1524 -1.94799 -65.3013 -4.44526
-64.8426 1.36132 -64.1524 -1.94799
-67.6405 -8.23185 -64.3345 -6.41653
-68.8254 -8.39083 -67.6405 -8.23185
-67.7161 3.86733 -64.8426 1.36132
-55.8969 3.86064 -56.7509 -1.34905
-54.23255368128149 6.564610780749113 -55.8969 3.86064
-52.4386 6.99038 -54.23255368128149 6.564610780749113
-56.8348 8.80454 -54.23255368128149 6.564610780749113
-59.6766 8.5649 -56.8348 8.80454
-62.197628492905956 9.384964888926426 -59.6766 8.5649
-63.3885 8.74269 -62.197628492905956 9.384964888926426
7.25335 47.7917 2.1651 45.6906
10.7037 46.0006 7.25335 47.7917
8.21161 53.0397 7.25335 47.7917
9.69637 54.2638 8.21161 53.0397
5.351421781977255 55.00740650654991 8.21161 53.0397
4.24519 57.0156 5.351421781977255 55.00740650654991
1.95054 52.4349 5.351421781977255 55.00740650654991
-1.13557 55.7855 1.95054 52.4349
-2.66377 54.4061 -1.13557 55.7855
3.28819 62.369 4.24519 57.0156
-56.6569 -22.6465 -57.3586 -17.1636
-53.2617 -25.7069 -56.6569 -22.6465
-60.764654134211675 -24.90354656321392 -56.6569 -22.6465
-63.1286 -23.5601 -60.764654134211675 -24.90354656321392
-65.1992 -25.5683 -63.1286 -23.5601
-70.04345905565347 -26.212497353686935 -65.1992 -25.5683
-70.7114 -28.274 -70.04345905565347 -26.212497353686935
-72.0326 -23.9799 -70.04345905565347 -26.212497353686935
-71.0205 -33.1386 -70.7114 -28.274
-73.08529894587016 -37.56648596302412 -71.0205 -33.1386
-74.8156 -37.0785 -73.08529894587016 -37.56648596302412
-71.6728 -39.4531 -73.08529894587016 -37.56648596302412
-79.2405 -37.9662 -74.8156 -37.0785
-81.3369216443603 -35.16208897553597 -79.2405 -37.9662
-80.6923 -31.2773 -81.3369216443603 -35.16208897553597
-60.1999 -30.0435 -60.764654134211675 -24.90354656321392
-14.1517 -5.13597 -19.6891 -6.35814
16.1939 43.8409 10.7037 46.0006
15.9152 42.6559 16.1939 43.8409
13.868 38.1863 15.9152 42.6559
14.3165 33.5931 13.868 38.1863
16.7365 31.9027 14.3165 33.5931
17.3587 29.1603 16.7365 31.9027
14.8015 28.318 17.3587 29.1603
12.200188156701795 25.908928469001097 14.8015 28.318
8.92805 26.3685 12.200188156701795 25.908928469001097
13.5501 21.5711 12.200188156701795 25.908928469001097
9.74726 33.4099 14.3165 33.5931
17.6375 17.2782 13.5501 21.5711
18.202651064909116 14.097480309308175 17.6375 17.2782
15.1305 12.6979 18.202651064909116 14.097480309308175
22.2221 10.3659 18.202651064909116 14.097480309308175
22.4729 8.64502 22.2221 10.3659
19.7677 6.78097 22.4729 8.64502
17.6238 5.70965 19.7677 6.78097
17.4206 4.87774 17.6238 5.70965
19.3241 3.15829 17.4206 4.87774
21.604 2.7518 19.3241 3.15829
14.3254 4.7569 17.4206 4.87774
25.3159 1.90187 21.604 2.7518
25.9453 5.1858 25.3159 1.90187
30.7838 5.38576 25.9453 5.1858
33.583191419143205 5.246584102633974 30.7838 5.38576
33.6154 4.60377 33.583191419143205 5.246584102633974
36.8744 10.0135 33.583191419143205 5.246584102633974
35.66852046345574 12.34830867916741 36.8744 10.0135
33.5247 12.4612 35.66852046345574 12.34830867916741
37.7974 13.0921 35.66852046345574 12.34830867916741
39.8059 11.8218 37.7974 13.0921
41.3639 9.93646 39.8059 11.8218
43.52671237253729 10.898388268095443 41.3639 9.93646
44.186 10.5602 43.52671237253729 10.898388268095443
41.1735 7.53928 41.3639 9.93646
46.5774 8.1111 44.186 10.5602
49.2568 8.35925 46.5774 8.1111
50.6674 9.7813 49.2568 8.35925
43.7788 14.3469 43.52671237253729 10.898388268095443
40.5979 17.5978 43.7788 14.3469
55.3968 9.8957 50.6674 9.7813
56.0183 13.1612 55.3968 9.8957
-62.5731 15.5168 -62.197628492905956 9.384964888926426
-25.618 3.3915 -26.0248 -2.94545
-26.5671 5.57457 -25.618 3.3915
-27.0741 5.48406 -26.5671 5.57457
-23.0084 7.03226 -26.5671 5.57457
-18.5127 10.3982 -23.0084 7.03226
-15.4895 13.2365 -18.5127 10.3982
38.740547830694055 23.762990999315864 40.5979 17.5978
41.864 25.3723 38.740547830694055 23.762990999315864
45.0824 25.9087 41.864 25.3723
48.8147 25.3723 45.0824 25.9087
51.5734 26.5114 48.8147 25.3723
34.3296 24.6485 38.740547830694055 23.762990999315864
29.756427864501113 25.35626876013133 34.3296 24.6485
28.878 24.801 29.756427864501113 25.35626876013133
22.7852 22.9003 28.878 24.801
36.4993 -72.6356 31.119288310928372 -69.00801788146109
37.6911 -74.9269 36.4993 -72.6356
40.4943 -75.41 37.6911 -74.9269
36.9703 -78.5847 37.6911 -74.9269
38.4062 -80.4907 36.9703 -78.5847
41.2923 -82.2015 38.4062 -80.4907
36.3312 -83.5211 38.4062 -80.4907
38.2221 -87.0933 36.3312 -83.5211
42.7176 -90.3596 38.2221 -87.0933
41.39 -95.5833 42.7176 -90.3596
-31.8334 -73.6955 -27.8065 -78.8875
-36.7644 -74.0495 -31.8334 -73.6955
-38.495 -68.9883 -36.7644 -74.0495
-37.9345 -66.9914 -38.495 -68.9883
-40.5956 -67.9452 -38.495 -68.9883
-42.74806310694417 -67.8707033936266 -40.5956 -67.9452
-43.3335 -68.1307 -42.74806310694417 -67.8707033936266
-43.4345 -65.7546 -42.74806310694417 -67.8707033936266
-47.0708 -64.8383 -43.4345 -65.7546
-48.5627 -63.7682 -47.0708 -64.8383
-49.96507477185199 -61.50599742288153 -48.5627 -63.7682
-52.4284 -62.8245 -49.96507477185199 -61.50599742288153
-50.9146 -67.0631 -48.5627 -63.7682
-49.2677 -57.0681 -49.96507477185199 -61.50599742288153
-45.8597 -56.2751 -49.2677 -57.0681
-54.5023 -71.7641 -50.9146 -67.0631
-55.6687 -71.8579 -54.5023 -71.7641
-55.8722 -73.2887 -55.6687 -71.8579
-53.1761 -74.5679 -55.8722 -73.2887
-60.55401655082292 -75.62718388017856 -55.8722 -73.2887
-62.3448 -75.4986 -60.55401655082292 -75.62718388017856
-65.22538500867202 -74.21583164339287 -62.3448 -75.4986
-67.9834 -75.2302 -65.22538500867202 -74.21583164339287
-70.6672 -77.9436 -67.9834 -75.2302
-74.18085749004545 -77.49477874293643 -70.6672 -77.9436
-75.9101 -75.386 -74.18085749004545 -77.49477874293643
-75.85344058066158 -73.9892355536702 -75.9101 -75.386
-74.7938 -73.3413 -75.85344058066158 -73.9892355536702
-75.7993 -80.6268 -74.18085749004545 -77.49477874293643
-78.17623780515365 -80.78997045738349 -75.7993 -80.6268
-78.1708 -83.1522 -78.17623780515365 -80.78997045738349
-77.8761 -83.2907 -78.1708 -83.1522
-80.0269 -78.4522 -78.17623780515365 -80.78997045738349
-78.5372 -71.5488 -75.85344058066158 -73.9892355536702
-61.0695 -79.6643 -60.55401655082292 -75.62718388017856
-60.2499 -82.1318 -61.0695 -79.6643
-76.7116 -66.9187 -78.5372 -71.5488
-85.3923 -78.0146 -80.0269 -78.4522
-88.24656808500322 -78.36387768779062 -85.3923 -78.0146
-88.7961 -80.5727 -88.24656808500322 -78.36387768779062
-89.7647 -76.5052 -88.24656808500322 -78.36387768779062
-88.1306 -74.5526 -89.7647 -76.5052
-90.3471 -84.2118 -88.7961 -80.5727
-89.56237756955986 -69.9037804841774 -88.1306 -74.5526
-90.6798 -69.359 -89.56237756955986 -69.9037804841774
-87.7518 -68.7769 -89.56237756955986 -69.9037804841774
-85.3633 -66.0078 -87.7518 -68.7769
-93.7192 -65.8408 -90.6798 -69.359
-66.1781 -68.5691 -65.22538500867202 -74.21583164339287
-68.0485 -66.8145 -66.1781 -68.5691
-68.4538 -64.6239 -68.0485 -66.8145
-69.1244 -62.5842 -68.4538 -64.6239
-69.0859768498758 -61.995501508949 -69.1244 -62.5842
-70.9014 -61.0516 -69.0859768498758 -61.995501508949
-70.1497 -68.084 -68.0485 -66.8145
-66.97530130884604 -60.13227014119354 -69.0859768498758 -61.995501508949
-67.2127 -59.1694 -66.97530130884604 -60.13227014119354
-65.6638 -61.7387 -66.97530130884604 -60.13227014119354
-69.2791 -57.6962 -67.2127 -59.1694
-67.3922 -54.7728 -69.2791 -57.6962
-66.5461 -53.4265 -67.3922 -54.7728
-64.623 -55.9154 -67.3922 -54.7728
-63.1575 -52.8802 -64.623 -55.9154
-68.2291 -49.8605 -66.5461 -53.4265
-59.1815 -53.5727 -63.1575 -52.8802
-56.1696 -50.2492 -59.1815 -53.5727
-53.25547409627747 -47.10316187987456 -56.1696 -50.2492
-52.8332 -47.3695 -53.25547409627747 -47.10316187987456
-51.3978 -49.0874 -52.8332 -47.3695
-51.14 -45.5114 -52.8332 -47.3695
-55.3623 -43.9776 -53.25547409627747 -47.10316187987456
-56.0256 -41.5595 -55.3623 -43.9776
-59.36914180562954 -43.935630339481996 -55.3623 -43.9776
-60.1819 -43.7429 -59.36914180562954 -43.935630339481996
-59.5361 -46.6595 -59.36914180562954 -43.935630339481996
-64.716 -44.1014 -60.1819 -43.7429
-66.6986 -45.0186 -64.716 -44.1014
-73.9145 -57.4497 -69.2791 -57.6962
-68.3461 18.6995 -62.5731 15.5168
-69.47454563468973 18.604566764011437 -68.3461 18.6995
-70.2425 20.0265 -69.47454563468973 18.604566764011437
-69.9212 21.1279 -70.2425 20.0265
-69.7845 22.963 -69.9212 21.1279
-73.1838 20.4682 -70.2425 20.0265
-74.8134 22.8251 -73.1838 20.4682
-71.4695 16.0743 -69.47454563468973 18.604566764011437
-71.3511 15.3276 -71.4695 16.0743
-66.4143 26.8462 -69.7845 22.963
-64.24222194869311 28.25834559317732 -66.4143 26.8462
-61.2491 27.2201 -64.24222194869311 28.25834559317732
-58.2229 28.8572 -61.2491 27.2201
-57.45413349243637 28.232668377078088 -58.2229 28.8572
-57.2906 25.9144 -57.45413349243637 28.232668377078088
-54.8603 30.5909 -57.45413349243637 28.232668377078088
-62.6351 32.9378 -64.24222194869311 28.25834559317732
-66.3035 36.673 -62.6351 32.9378
-68.30131409425523 37.2041361500975 -66.3035 36.673
-69.1139 39.565 -68.30131409425523 37.2041361500975
-70.8014 36.1487 -68.30131409425523 37.2041361500975
-71.7317 36.6513 -70.8014 36.1487
-52.6334 35.5665 -54.8603 30.5909
-50.8593 39.252 -52.6334 35.5665
-52.0178 41.9639 -50.8593 39.252
-53.6209 43.831 -52.0178 41.9639
-52.9346 45.0583 -53.6209 43.831
-52.82416309531826 47.92115633745176 -52.9346 45.0583
-50.6541 50.0385 -52.82416309531826 47.92115633745176
-56.2404 48.0308 -52.82416309531826 47.92115633745176
-47.2033 40.3535 -50.8593 39.252
-47.011535256633906 42.12251136394725 -47.2033 40.3535
-48.1002 43.9494 -47.011535256633906 42.12251136394725
-44.6706 42.09 -47.011535256633906 42.12251136394725
-45.7704 37.919 -47.2033 40.3535
-42.466 36.9121 -45.7704 37.919
-42.46748641996771 34.31447441391498 -42.466 36.9121
-49.9689 53.8875 -50.6541 50.0385
-47.2508 53.9569 -49.9689 53.8875
-50.277188652386045 57.5573989790567 -49.9689 53.8875
-49.8508 58.2313 -50.277188652386045 57.5573989790567
-53.1531 57.7408 -50.277188652386045 57.5573989790567
-54.12638063201876 59.54100634151035 -53.1531 57.7408
-54.4784 60.726 -54.12638063201876 59.54100634151035
-57.2168 58.556 -54.12638063201876 59.54100634151035
-50.7704 62.2401 -54.4784 60.726
-45.7136 47.257 -48.1002 43.9494
-44.8247 47.5609 -45.7136 47.257
-45.5729 48.4004 -44.8247 47.5609
-44.0616 30.493 -42.46748641996771 34.31447441391498
-43.5688 56.773 -47.2508 53.9569
-43.5561 58.3965 -43.5688 56.773
-41.492150235298254 60.16840241746815 -43.5561 58.3965
-41.0414 62.7245 -41.492150235298254 60.16840241746815
-38.4949 59.0029 -41.492150235298254 60.16840241746815
-38.4282 56.4261 -38.4949 59.0029
-38.7877 66.1366 -41.0414 62.7245
-40.0892 52.0198 -38.4282 56.4261
-37.0602 33.3713 -42.46748641996771 34.31447441391498
-75.8619 12.0649 -71.3511 15.3276
-58.1881 64.9811 -54.4784 60.726
-59.31662637245415 67.65877031919932 -58.1881 64.9811
-58.111222649122126 70.263141906786 -59.31662637245415 67.65877031919932
-57.5681 70.3842 -58.111222649122126 70.263141906786
-62.9252 67.0208 -59.31662637245415 67.65877031919932
-54.9615 73.111 -57.5681 70.3842
-61.4783 73.2369 -58.111222649122126 70.263141906786
-61.6313 73.8562 -61.4783 73.2369
-62.0903 76.1568 -61.6313 73.8562
-65.6827 75.8681 -62.0903 76.1568
-68.80910389463763 75.47076248293115 -65.6827 75.8681
-70.3219 73.5028 -68.80910389463763 75.47076248293115
-72.7538 70.9066 -70.3219 73.5028
-75.9647 70.8473 -72.7538 70.9066
-77.3084 68.9062 -75.9647 70.8473
-77.52623530218084 68.46947818423405 -77.3084 68.9062
-77.9702 73.261 -75.9647 70.8473
-76.8787 74.2568 -77.9702 73.261
-75.3111 66.2193 -77.52623530218084 68.46947818423405
-81.1597 73.1806 -77.9702 73.261
-82.08870696318338 75.68074241378872 -81.1597 73.1806
-82.0294 75.812 -82.08870696318338 75.68074241378872
-65.0293 80.1182 -65.6827 75.8681
-87.5563 74.5952 -82.08870696318338 75.68074241378872
-89.1406 75.3393 -87.5563 74.5952
-92.268 73.5777 -89.1406 75.3393
-95.5498 71.2122 -92.268 73.5777
-87.8871 79.5313 -89.1406 75.3393
-71.5958 80.3347 -68.80910389463763 75.47076248293115
-72.6012 79.8535 -71.5958 80.3347
-73.1091 83.0983 -71.5958 80.3347
-70.7609 86.5687 -73.1091 83.0983
-68.9172 89.0501 -70.7609 86.5687
-70.3697 91.0818 -68.9172 89.0501
-70.69474364698341 91.65346223463527 -70.3697 91.0818
-71.7491 91.4631 -70.69474364698341 91.65346223463527
-73.6107 93.6883 -71.7491 91.4631
-70.2593 94.6203 -70.69474364698341 91.65346223463527
-72.0064 97.9055 -70.2593 94.6203
-65.1611 91.783 -68.9172 89.0501
-60.384 92.632 -65.1611 91.783
-58.5582 93.844 -60.384 92.632
-55.9219 92.1912 -58.5582 93.844
-51.8413 95.4231 -55.9219 92.1912
-96.0748 65.5646 -95.5498 71.2122
-95.74008924449288 62.79976250571194 -96.0748 65.5646
-93.6323 62.461 -95.74008924449288 62.79976250571194
-99.3542 59.0705 -95.74008924449288 62.79976250571194
-60.6697 99.4307 -58.5582 93.844
-51.064799924181045 77.7633054336754 -54.9615 73.111
-49.9288 78.0906 -51.064799924181045 77.7633054336754
-52.380026126895515 80.6559873502002 -51.064799924181045 77.7633054336754
-53.8946 81.4772 -52.380026126895515 80.6559873502002
-49.8691 84.6123 -52.380026126895515 80.6559873502002
-50.9085 86.2589 -49.8691 84.6123
-51.3543 85.978 -50.9085 86.2589
-49.0085 87.9451 -50.9085 86.2589
-46.7426 85.8643 -49.0085 87.9451
-43.75981135438637 86.62342741031058 -46.7426 85.8643
-41.7668 86.195 -43.75981135438637 86.62342741031058
-43.5538 89.8788 -43.75981135438637 86.62342741031058
-39.7221 93.4076 -43.5538 89.8788
-44.105 78.729 -49.9288 78.0906
-39.880671670338465 77.97238669277604 -44.105 78.729
-38.7356 77.7144 -39.880671670338465 77.97238669277604
-38.8383 80.1703 -39.880671670338465 77.97238669277604
-34.9438 81.6418 -38.8383 80.1703
-34.1888 95.436 -39.7221 93.4076
-33.4263 96.9844 -34.1888 95.436
-30.6983 99.0916 -33.4263 96.9844
-29.3087 95.1576 -30.6983 99.0916
-29.2738 90.6946 -29.3087 95.1576
-28.18358384086866 88.94145140657358 -29.2738 90.6946
-27.5833 87.0483 -28.18358384086866 88.94145140657358
-24.2324 89.5699 -28.18358384086866 88.94145140657358
-20.5227 85.7577 -24.2324 89.5699
-20.1384 82.1706 -20.5227 85.7577
-17.6284 82.1475 -20.1384 82.1706
-13.9108 85.1006 -17.6284 82.1475
-13.613 89.9504 -13.9108 85.1006
-16.6321 93.1673 -13.613 89.9504
-18.0084 94.848 -16.6321 93.1673
-19.452 99.0801 -18.0084 94.848
-80.5673 20.1224 -74.8134 22.8251
-85.2576 19.7559 -80.5673 20.1224
-87.4228 19.5913 -85.2576 19.7559
-89.2546 19.8388 -87.4228 19.5913
-91.1201 22.1983 -89.2546 19.8388
-92.2342 21.3861 -91.1201 22.1983
-94.7321 17.2032 -92.2342 21.3861
-93.3892 14.331 -94.7321 17.2032
-90.56180876847239 10.669494535305065 -93.3892 14.331
-91.1251 7.69822 -90.56180876847239 10.669494535305065
-87.9517 6.37204 -91.1251 7.69822
-86.9612 4.99748 -87.9517 6.37204
-86.9287 3.83497 -86.9612 4.99748
-83.2728050294809 3.1576480233845015 -86.9287 3.83497
-81.6933 5.26002 -83.2728050294809 3.1576480233845015
-83.4805 -0.0329667 -83.2728050294809 3.1576480233845015
-81.8534 -1.20466 -83.4805 -0.0329667
-80.7985 -3.31461 -81.8534 -1.20466
-96.4111 24.2091 -92.2342 21.3861
-99.8242 23.2701 -96.4111 24.2091
-84.8451 12.3118 -90.56180876847239 10.669494535305065
-76.3205 1.0118 -81.8534 -1.20466
-97.03325427752095 30.546067501322455 -96.4111 24.2091
-96.2168 31.7187 -97.03325427752095 30.546067501322455
-99.6671 31.7228 -97.03325427752095 30.546067501322455
-92.68306114610326 34.938677858794655 -96.2168 31.7187
-92.7265 36.3332 -92.68306114610326 34.938677858794655
-92.89100262912615 40.02970031169918 -92.7265 36.3332
-96.1815 41.3071 -92.89100262912615 40.02970031169918
-88.008 32.2851 -92.68306114610326 34.938677858794655
-87.9715 30.2589 -88.008 32.2851
-87.3864 29.5746 -87.9715 30.2589
-89.2611 44.3743 -92.89100262912615 40.02970031169918
-85.4262 43.7839 -89.2611 44.3743
-85.6037 42.9528 -85.4262 43.7839
-83.5302 39.8002 -85.6037 42.9528
-80.09 92.5844 -73.6107 93.6883
-83.9294 94.6692 -80.09 92.5844
-85.60643996853462 89.36060559887996 -83.9294 94.6692
-85.2446 88.7978 -85.60643996853462 89.36060559887996
-87.9475 88.8385 -85.60643996853462 89.36060559887996
-89.9037 88.8904 -87.9475 88.8385
-93.0002 86.4315 -89.9037 88.8904
-26.4888 80.3667 -20.1384 82.1706
-27.4814 77.3199 -26.4888 80.3667
-26.275 71.5391 -27.4814 77.3199
-27.77194742075237 69.72085265776809 -26.275 71.5391
-28.2653 69.8166 -27.77194742075237 69.72085265776809
-33.2046 72.7063 -28.2653 69.8166
-25.1501 63.9054 -27.77194742075237 69.72085265776809
-20.3713 63.9452 -25.1501 63.9054
-18.0491 62.8563 -20.3713 63.9452
-15.037201352232746 66.03828130929683 -18.0491 62.8563
-13.6678 66.2774 -15.037201352232746 66.03828130929683
-16.9211 68.3021 -15.037201352232746 66.03828130929683
-9.584183947542579 65.85544587749231 -13.6678 66.2774
-8.84968 68.7951 -9.584183947542579 65.85544587749231
-7.551 63.5123 -9.584183947542579 65.85544587749231
-6.56546 63.492 -7.551 63.5123
-28.4656 59.807 -25.1501 63.9054
-64.8841 -35.6156 -71.0205 -33.1386
-99.2363 84.1871 -93.0002 86.4315
-97.3715 52.7248 -99.3542 59.0705
-94.3754 52.9535 -97.3715 52.7248
-88.9442 55.1761 -94.3754 52.9535
-86.38297975191654 55.71103582444685 -88.9442 55.1761
-85.2978 58.8556 -86.38297975191654 55.71103582444685
-84.5351 52.4688 -86.38297975191654 55.71103582444685
-83.6525 65.7416 -77.52623530218084 68.46947818423405
-45.7858 98.3244 -51.8413 95.4231
28.6053 31.9775 29.756427864501113 25.35626876013133
-50.6053 19.3446 -47.0517 13.5653
-88.1634 -35.4186 -81.3369216443603 -35.16208897553597
19.4784 49.8662 16.1939 43.8409
22.121591054563144 52.05033298102603 19.4784 49.8662
22.4115 55.2835 22.121591054563144 52.05033298102603
22.98597912516286 58.24722606551836 22.4115 55.2835
24.2494 58.3229 22.98597912516286 58.24722606551836
20.4013 59.2076 22.98597912516286 58.24722606551836
17.351 60.0064 20.4013 59.2076
17.443516617190493 62.86459702671792 17.351 60.0064
14.5613 63.0814 17.443516617190493 62.86459702671792
14.1858 64.8519 14.5613 63.0814
20.2343 65.6863 17.443516617190493 62.86459702671792
20.3275 66.2512 20.2343 65.6863
20.4463 66.9889 20.3275 66.2512
21.573725088844704 67.91470692618891 20.4463 66.9889
24.5628 67.169 21.573725088844704 67.91470692618891
26.9239 66.7296 24.5628 67.169
29.1719 66.2815 26.9239 66.7296
21.8936 71.9021 21.573725088844704 67.91470692618891
22.1875 73.3118 21.8936 71.9021
10.4158 67.7491 14.1858 64.8519
26.686 50.5881 22.121591054563144 52.05033298102603
29.0692 51.3253 26.686 50.5881
28.333 53.2627 29.0692 51.3253
31.9391 48.8228 29.0692 51.3253
34.0051 48.7672 31.9391 48.8228
35.825479067166015 49.701484787628516 34.0051 48.7672
37.9415 49.687 35.825479067166015 49.701484787628516
34.5478 51.8393 35.825479067166015 49.701484787628516
39.9582 51.6492 37.9415 49.687
30.2479 57.2474 28.333 53.2627
35.0014 56.7703 30.2479 57.2474
41.531492377940666 46.1394697972556 37.9415 49.687
43.1285 45.9495 41.531492377940666 46.1394697972556
41.0596 44.1896 41.531492377940666 46.1394697972556
28.756534596080947 44.660448380624544 31.9391 48.8228
26.5877 44.4586 28.756534596080947 44.660448380624544
32.2355 40.4559 28.756534596080947 44.660448380624544
20.94099877815406 78.79225428340919 22.1875 73.3118
22.104 80.3754 20.94099877815406 78.79225428340919
18.8318 79.4489 20.94099877815406 78.79225428340919
25.433807369040363 80.8034965724485 22.104 80.3754
26.1383 82.7516 25.433807369040363 80.8034965724485
28.4108 78.0644 25.433807369040363 80.8034965724485
13.7264 83.1375 18.8318 79.4489
11.7814 84.7779 13.7264 83.1375
9.3861 83.615 11.7814 84.7779
9.67303 80.4987 9.3861 83.615
9.48025 77.2703 9.67303 80.4987
15.9725 87.9743 11.7814 84.7779
13.919691589607895 91.50847860951164 15.9725 87.9743
14.68 92.011 13.919691589607895 91.50847860951164
17.503574768545036 93.20969707755492 14.68 92.011
18.3988 93.0144 17.503574768545036 93.20969707755492
10.8617 90.8032 13.919691589607895 91.50847860951164
16.898617032472718 98.88506934888815 17.503574768545036 93.20969707755492
16.3655 99.2118 16.898617032472718 98.88506934888815
20.7949 99.1053 16.898617032472718 98.88506934888815
3.88327 86.9386 9.3861 83.615
2.69979 86.6011 3.88327 86.9386
2.1842904171538553 86.11220550269805 2.69979 86.6011
1.232324362574495 87.02348659248419 2.1842904171538553 86.11220550269805
-1.05195 85.9479 1.232324362574495 87.02348659248419
2.15524 82.1658 2.1842904171538553 86.11220550269805
0.26931176135915535 79.87272950722364 2.15524 82.1658
-2.70586 79.3048 0.26931176135915535 79.87272950722364
1.34954 76.5439 0.26931176135915535 79.87272950722364
2.2714252319129606 72.68345379733138 1.34954 76.5439
1.19118 72.172 2.2714252319129606 72.68345379733138
3.72577 72.255 2.2714252319129606 72.68345379733138
-7.11084 82.7635 -2.70586 79.3048
33.9409 -92.4572 38.2221 -87.0933
-67.4934 -18.1714 -63.1286 -23.5601
-80.1651 -44.8833 -79.2405 -37.9662
-79.3492 -45.2161 -80.1651 -44.8833
-79.6725 -48.5663 -79.3492 -45.2161
-82.8174 -54.0151 -79.6725 -48.5663
28.5958 -97.0099 33.9409 -92.4572
25.3648 -96.5544 28.5958 -97.0099
22.5503 -99.2176 25.3648 -96.5544
18.3176 -93.6722 22.5503 -99.2176
18.3896 -88.0691 18.3176 -93.6722
-21.8134 -23.3238 -27.5885 -19.2585
-15.1733 -23.8783 -21.8134 -23.3238
-13.623602288260724 -21.044269650043475 -15.1733 -23.8783
-13.459479876540556 -17.287501394607798 -13.623602288260724 -21.044269650043475
-14.3695 -16.4883 -13.459479876540556 -17.287501394607798
-14.894246991898363 -28.124546182601186 -15.1733 -23.8783
-17.5579 -29.6262 -14.894246991898363 -28.124546182601186
-8.04745 -23.4357 -13.623602288260724 -21.044269650043475
-7.71332 -13.8492 -13.459479876540556 -17.287501394607798
-6.97396 -12.2 -7.71332 -13.8492
-4.45365 -12.7177 -6.97396 -12.2
-4.44826 -15.9897 -4.45365 -12.7177
0.454946 -11.7374 -4.45365 -12.7177
2.226614256604221 -10.446364441947166 0.454946 -11.7374
2.93189 -10.7953 2.226614256604221 -10.446364441947166
0.946123 -7.70809 2.226614256604221 -10.446364441947166
3.5191 -6.55824 0.946123 -7.70809
3.9977 -4.43914 3.5191 -6.55824
6.51255 -2.74241 3.9977 -4.43914
-0.0685338 -3.22543 3.9977 -4.43914
-1.94559 0.635462 -0.0685338 -3.22543
-6.60652 3.49644 -1.94559 0.635462
11.832866107759873 -5.005960446658939 6.51255 -2.74241
13.798 -4.79593 11.832866107759873 -5.005960446658939
11.6465 -7.40197 11.832866107759873 -5.005960446658939
17.0363 -5.04498 13.798 -4.79593
-95.2139633776109 -34.421307108594554 -88.1634 -35.4186
-95.4647 -29.9264 -95.2139633776109 -34.421307108594554
-93.0058 -26.2782 -95.4647 -29.9264
-98.5325 -39.5618 -95.2139633776109 -34.421307108594554
29.299 -4.04428 25.3159 1.90187
31.956201863200647 -5.7954318003831435 29.299 -4.04428
31.6129 -7.19343 31.956201863200647 -5.7954318003831435
32.2711 -7.91317 31.6129 -7.19343
33.1007 -9.62975 32.2711 -7.91317
34.5989 -12.1753 33.1007 -9.62975
33.9625 -14.8948 34.5989 -12.1753
34.9386 -16.6407 33.9625 -14.8948
31.047 -15.9113 33.9625 -14.8948
26.647 -16.6516 31.047 -15.9113
23.11909009865635 -19.0894202053435 26.647 -16.6516
22.1989 -22.1849 23.11909009865635 -19.0894202053435
19.1483 -18.296 23.11909009865635 -19.0894202053435
18.31568479583361 -16.429389443447135 19.1483 -18.296
20.6118 -13.4353 18.31568479583361 -16.429389443447135
13.847398687275948 -16.203409619334305 18.31568479583361 -16.429389443447135
13.2394 -15.4799 13.847398687275948 -16.203409619334305
12.9797 -18.2467 13.847398687275948 -16.203409619334305
11.743268848711029 -19.47971684449756 12.9797 -18.2467
11.0905 -19.4433 11.743268848711029 -19.47971684449756
38.7852 -10.2559 34.5989 -12.1753
27.2642 -9.10432 31.6129 -7.19343
36.4098 -2.21137 31.956201863200647 -5.7954318003831435
45.0051 -9.86087 38.7852 -10.2559
45.9904 -9.42238 45.0051 -9.86087
46.6847 -9.02094 45.9904 -9.42238
45.0469 -8.45351 45.9904 -9.42238
45.7847 -5.10944 45.0469 -8.45351
50.342 -12.6723 46.6847 -9.02094
49.6585 -0.303976 45.7847 -5.10944
-44.2873 70.7596 -38.7877 66.1366
46.3165 55.0291 39.9582 51.6492
49.8503 53.8228 46.3165 55.0291
54.9572 56.3172 49.8503 53.8228
59.4765 56.435 54.9572 56.3172
53.872 62.6094 54.9572 56.3172
47.411 62.8576 53.872 62.6094
45.40930186038831 64.07690247984885 47.411 62.8576
42.8143 62.4825 45.40930186038831 64.07690247984885
41.0199 64.2876 42.8143 62.4825
40.205580697903045 64.93745545430457 41.0199 64.2876
37.5178 64.478 40.205580697903045 64.93745545430457
37.2862 64.5597 37.5178 64.478
41.6958 67.9113 40.205580697903045 64.93745545430457
46.1722 67.5137 45.40930186038831 64.07690247984885
41.13155467021218 71.69851091897992 41.6958 67.9113
42.3129 72.7286 41.13155467021218 71.69851091897992
38.2459 72.3591 41.13155467021218 71.69851091897992
41.8399 78.1013 42.3129 72.7286
-9.42337 -32.8789 -14.894246991898363 -28.124546182601186
-6.94199 -34.6609 -9.42337 -32.8789
-96.7851 -59.2173 -93.7192 -65.8408
-93.1514 95.4477 -89.9037 88.8904
-99.6685 97.3766 -93.1514 95.4477
-14.3171 21.8638 -20.6689 25.5997
-8.455198614755737 21.025377796830945 -14.3171 21.8638
-7.38826 17.8838 -8.455198614755737 21.025377796830945
-5.36159 24.7859 -8.455198614755737 21.025377796830945
-3.84968 12.8226 -7.38826 17.8838
2.915337997808442 11.958895390979468 -3.84968 12.8226
3.05809 9.96274 2.915337997808442 11.958895390979468
6.28546 14.8721 2.915337997808442 11.958895390979468
48.26777502842922 81.71985765423717 41.8399 78.1013
49.3358 80.6602 48.26777502842922 81.71985765423717
48.916 83.8237 48.26777502842922 81.71985765423717
52.1235 79.5828 49.3358 80.6602
52.1465 77.1948 52.1235 79.5828
51.11613434400226 88.18928673297185 48.916 83.8237
48.0954 91.643 51.11613434400226 88.18928673297185
50.6712 96.5101 48.0954 91.643
55.9207 91.2315 51.11613434400226 88.18928673297185
59.5745 94.0598 55.9207 91.2315
62.9404 95.6912 59.5745 94.0598
66.1338 95.08 62.9404 95.6912
65.94967976184671 90.89104673163004 66.1338 95.08
67.6203 90.8057 65.94967976184671 90.89104673163004
64.0184 89.4061 65.94967976184671 90.89104673163004
72.0143 90.7183 67.6203 90.8057
73.8027 90.9303 72.0143 90.7183
75.92192346602023 91.86546263260108 73.8027 90.9303
77.097 93.5335 75.92192346602023 91.86546263260108
78.5607955862339 90.54160012519138 75.92192346602023 91.86546263260108
80.4608 90.8583 78.5607955862339 90.54160012519138
77.0972 87.3854 78.5607955862339 90.54160012519138
77.21534725871156 84.38973950466053 77.0972 87.3854
78.0037 83.3268 77.21534725871156 84.38973950466053
80.1888 79.976 78.0037 83.3268
80.2436 79.5314 80.1888 79.976
81.002 76.6395 80.2436 79.5314
83.2988 74.4762 81.002 76.6395
82.1388 72.8496 83.2988 74.4762
83.7205 87.3007 80.4608 90.8583
88.0326 88.9506 83.7205 87.3007
89.1926 88.9621 88.0326 88.9506
89.9556 87.8632 89.1926 88.9621
91.99329612655912 87.61829515407872 89.9556 87.8632
94.0173 83.5695 91.99329612655912 87.61829515407872
90.0546 81.4513 94.0173 83.5695
64.2355 84.0505 64.0184 89.4061
71.7022 83.5954 77.21534725871156 84.38973950466053
72.0073 81.7899 71.7022 83.5954
68.4079 78.1475 72.0073 81.7899
63.0517 77.1381 68.4079 78.1475
42.1953 92.5851 48.0954 91.643
39.41082606742752 95.61681924809687 42.1953 92.5851
38.0332 95.0914 39.41082606742752 95.61681924809687
41.8139 97.9877 39.41082606742752 95.61681924809687
34.2159 94.8934 38.0332 95.0914
28.6443 96.2578 34.2159 94.8934
60.559548515642355 71.40489394937424 63.0517 77.1381
58.0189 71.7157 60.559548515642355 71.40489394937424
63.4634 68.8403 60.559548515642355 71.40489394937424
58.954 26.9435 51.5734 26.5114
60.6146 30.2507 58.954 26.9435
61.70058311476017 31.61227424076226 60.6146 30.2507
63.841 33.4209 61.70058311476017 31.61227424076226
58.9762 33.1946 61.70058311476017 31.61227424076226
63.2422 28.3407 60.6146 30.2507
64.9395 26.5477 63.2422 28.3407
66.1244 25.9772 64.9395 26.5477
67.284 36.1124 63.841 33.4209
67.2413 37.4829 67.284 36.1124
68.9281 35.7419 67.284 36.1124
65.75153114758152 40.12265635177335 67.2413 37.4829
62.6761 39.8955 65.75153114758152 40.12265635177335
67.4164 43.959 65.75153114758152 40.12265635177335
70.72671318193463 45.08910862070094 67.4164 43.959
71.9321 49.8269 70.72671318193463 45.08910862070094
70.68897622154728 51.69215918573454 71.9321 49.8269
69.8717 51.5703 70.68897622154728 51.69215918573454
73.2077 54.638 70.68897622154728 51.69215918573454
69.7391 29.6151 66.1244 25.9772
74.48157195217779 28.56465847407843 69.7391 29.6151
76.4701 30.4093 74.48157195217779 28.56465847407843
77.3021 34.2703 76.4701 30.4093
75.6422 23.2253 74.48157195217779 28.56465847407843
72.8343 19.1854 75.6422 23.2253
73.5729 17.6365 72.8343 19.1854
74.0752 40.6664 70.72671318193463 45.08910862070094
76.7129 41.6797 74.0752 40.6664
56.9377 39.9182 62.6761 39.8955
52.4396 40.2381 56.9377 39.9182
50.7725 39.1358 52.4396 40.2381
50.4447 43.9282 52.4396 40.2381
45.7217 35.2474 50.7725 39.1358
39.6921 34.9049 45.7217 35.2474
64.1866 19.3474 66.1244 25.9772
65.8662 18.3429 64.1866 19.3474
62.3791 17.3724 64.1866 19.3474
83.1635 28.0309 76.4701 30.4093
86.3829 27.9047 83.1635 28.0309
87.6727 28.7994 86.3829 27.9047
87.1872 30.3029 87.6727 28.7994
87.3033611687315 31.789452247119815 87.1872 30.3029
86.7855 32.49 87.3033611687315 31.789452247119815
86.56237979673654 32.55385696624555 86.7855 32.49
85.7805 32.4355 86.56237979673654 32.55385696624555
89.8314 32.3987 87.3033611687315 31.789452247119815
86.0873 37.3545 86.56237979673654 32.55385696624555
88.83194462707087 40.935782210622534 86.0873 37.3545
90.883 40.4413 88.83194462707087 40.935782210622534
94.6386 32.8691 89.8314 32.3987
87.8236 21.357 86.3829 27.9047
85.60238485459885 19.478025234525134 87.8236 21.357
84.1659 20.4499 85.60238485459885 19.478025234525134
86.017 16.6041 85.60238485459885 19.478025234525134
84.066 13.8427 86.017 16.6041
80.3993 11.5221 84.066 13.8427
94.1043 21.7496 87.8236 21.357
97.486 20.672 94.1043 21.7496
97.3458 19.3405 97.486 20.672
99.0668 17.5295 97.3458 19.3405
98.2203 39.6445 90.883 40.4413
99.046 39.6771 98.2203 39.6445
14.8662 -26.2432 11.743268848711029 -19.47971684449756
14.3783 -29.5879 14.8662 -26.2432
14.6366 -33.8483 14.3783 -29.5879
15.3552 -34.5545 14.6366 -33.8483
12.7967 -34.9475 14.6366 -33.8483
7.30565 -34.0842 12.7967 -34.9475
7.19127 -33.4143 7.30565 -34.0842
4.56154 -31.2365 7.19127 -33.4143
2.57854 -27.2767 4.56154 -31.2365
86.3059 47.9455 88.83194462707087 40.935782210622534
-85.2299 -25.3281 -80.6923 -31.2773
-96.6052 2.34555 -91.1251 7.69822
-98.9021 -2.85293 -96.6052 2.34555
90.4862 71.7532 83.2988 74.4762
92.223 69.5775 90.4862 71.7532
89.8902 66.4307 92.223 69.5775
56.8767 -2.9948 49.6585 -0.303976
58.958212163697915 -3.939542966588837 56.8767 -2.9948
60.9825 -1.63185 58.958212163697915 -3.939542966588837
60.7178 -8.73361 58.958212163697915 -3.939542966588837
61.33 -12.0549 60.7178 -8.73361
62.6565 -17.834 61.33 -12.0549
61.271 -19.8954 62.6565 -17.834
60.06315899245938 -21.87488534034256 61.271 -19.8954
60.7591 -24.6077 60.06315899245938 -21.87488534034256
63.91440081351023 -25.82876889658497 60.7591 -24.6077
64.1452 -27.6799 63.91440081351023 -25.82876889658497
65.741 -24.5642 63.91440081351023 -25.82876889658497
66.3102 -21.3098 65.741 -24.5642
54.8124245861726 -23.080485900508325 60.06315899245938 -21.87488534034256
54.1236 -20.7024 54.8124245861726 -23.080485900508325
52.4644 -26.5901 54.8124245861726 -23.080485900508325
51.0843 -27.4639 52.4644 -26.5901
49.1044 -24.992 51.0843 -27.4639
51.5242 -31.0847 51.0843 -27.4639
50.39999600502155 -32.58028306043164 51.5242 -31.0847
48.8149 -33.5855 50.39999600502155 -32.58028306043164
52.3455 -35.8618 50.39999600502155 -32.58028306043164
45.0697 -26.7373 49.1044 -24.992
39.8283097658218 -27.164273036555272 45.0697 -26.7373
38.6456 -29.6462 39.8283097658218 -27.164273036555272
39.9278 -31.6304 38.6456 -29.6462
38.48957089817334 -32.88027040006936 39.9278 -31.6304
37.5156 -24.5031 39.8283097658218 -27.164273036555272
34.9222 -32.2133 38.48957089817334 -32.88027040006936
67.4635 -32.1444 64.1452 -27.6799
67.0069 -33.4723 67.4635 -32.1444
30.4117 -36.4921 34.9222 -32.2133
28.2752 -35.5699 30.4117 -36.4921
26.3527 -34.1131 28.2752 -35.5699
40.047 -39.1719 38.48957089817334 -32.88027040006936
67.0133 1.27801 60.9825 -1.63185
66.8677 1.93165 67.0133 1.27801
69.1963 2.65474 66.8677 1.93165
71.5635005071661 4.420148527628076 69.1963 2.65474
72.5984 4.17776 71.5635005071661 4.420148527628076
73.5983 3.41396 72.5984 4.17776
70.3299 9.84569 71.5635005071661 4.420148527628076
69.2651 9.86047 70.3299 9.84569
-50.5949 -81.8509 -53.1761 -74.5679
-49.2155 -84.3474 -50.5949 -81.8509
-51.1954 -91.3684 -49.2155 -84.3474
-29.22715265073379 45.07923187317818 -26.596 37.7701
-30.9622 45.1244 -29.22715265073379 45.07923187317818
-32.14131202979361 46.26845136930936 -30.9622 45.1244
-33.0211 45.9024 -32.14131202979361 46.26845136930936
-33.5117 46.0302 -33.0211 45.9024
-26.8712 46.0745 -29.22715265073379 45.07923187317818
-30.8219 48.6283 -32.14131202979361 46.26845136930936
-26.9323 51.2821 -30.8219 48.6283
72.3935 -39.3337 67.0069 -33.4723
74.2451 -44.597 72.3935 -39.3337
76.68 -46.3334 74.2451 -44.597
79.0109 -47.4517 76.68 -46.3334
80.7226 -44.8563 79.0109 -47.4517
71.3944 -46.4223 74.2451 -44.597
78.38240492173135 -52.44038627000153 79.0109 -47.4517
79.9042 -53.9461 78.38240492173135 -52.44038627000153
81.7844 -56.9503 79.9042 -53.9461
75.01715209291105 -54.750374133226195 78.38240492173135 -52.44038627000153
72.2859 -54.2798 75.01715209291105 -54.750374133226195
82.6004 -40.1578 80.7226 -44.8563
67.832 -56.9106 72.2859 -54.2798
64.7159 -59.2148 67.832 -56.9106
62.666 -58.3101 64.7159 -59.2148
67.1994 -60.7644 64.7159 -59.2148
60.265 -60.8168 62.666 -58.3101
58.2281 -60.4199 60.265 -60.8168
56.4579 -60.608 58.2281 -60.4199
57.5414 -63.9184 56.4579 -60.608
63.5892 -54.8461 62.666 -58.3101
63.68219056092512 -52.83721560292129 63.5892 -54.8461
64.4601 -52.4507 63.68219056092512 -52.83721560292129
62.3706 -52.1063 63.68219056092512 -52.83721560292129
62.4007 -52.0422 62.3706 -52.1063
53.0418 -62.0756 56.4579 -60.608
56.4949 -56.518 56.4579 -60.608
48.25031376942664 -62.00337860581329 53.0418 -62.0756
46.5197 -59.4072 48.25031376942664 -62.00337860581329
46.1357 -65.5997 48.25031376942664 -62.00337860581329
61.662 -67.6759 57.5414 -63.9184
60.85946591635984 -70.62972901186366 61.662 -67.6759
59.7287 -71.3404 60.85946591635984 -70.62972901186366
57.838568441123094 -71.71636301328947 59.7287 -71.3404
57.6349 -73.1331 57.838568441123094 -71.71636301328947
55.7351 -69.2446 57.838568441123094 -71.71636301328947
57.10271560788327 -76.34344445162466 57.6349 -73.1331
58.8479 -79.1184 57.10271560788327 -76.34344445162466
64.0252 -71.8426 60.85946591635984 -70.62972901186366
63.952616476353676 -74.28426381771368 64.0252 -71.8426
62.6469 -75.2554 63.952616476353676 -74.28426381771368
66.7364 -69.9377 64.0252 -71.8426
69.1151 -70.4934 66.7364 -69.9377
53.9974 -77.801 57.10271560788327 -76.34344445162466
72.09778702703214 -68.61932849469206 69.1151 -70.4934
72.0451 -67.6625 72.09778702703214 -68.61932849469206
73.2684 -69.9535 72.09778702703214 -68.61932849469206
67.2751 -76.5524 63.952616476353676 -74.28426381771368
66.6756 -79.0841 67.2751 -76.5524
68.96225406147057 -80.47357550226164 66.6756 -79.0841
72.6721 -79.5064 68.96225406147057 -80.47357550226164
76.7622 -79.1805 72.6721 -79.5064
78.99964587719228 -81.67794273288958 76.7622 -79.1805
81.9239 -81.3196 78.99964587719228 -81.67794273288958
68.2232 -84.549 68.96225406147057 -80.47357550226164
76.9414 -85.4628 78.99964587719228 -81.67794273288958
78.5331 -74.3925 76.7622 -79.1805
81.3414 -69.9258 78.5331 -74.3925
74.3653 -60.507 75.01715209291105 -54.750374133226195
51.1567 -82.9496 53.9974 -77.801
54.1188 -86.9545 51.1567 -82.9496
53.1064 -88.773 54.1188 -86.9545
54.0409 -89.9832 53.1064 -88.773
53.413 -91.7159 54.0409 -89.9832
51.5143 -93.4086 53.413 -91.7159
52.7098 -94.8179 51.5143 -93.4086
58.7951 -90.5496 54.0409 -89.9832
61.14120052989966 -93.39140631650365 58.7951 -90.5496
63.2079 -90.5878 61.14120052989966 -93.39140631650365
61.0987 -97.5077 61.14120052989966 -93.39140631650365
80.4505 -90.5628 76.9414 -85.4628
82.8736 -33.7417 82.6004 -40.1578
83.4047 -31.3407 82.8736 -33.7417
83.1743 -31.2654 83.4047 -31.3407
82.4920166518763 -28.978345456405798 83.1743 -31.2654
78.4298 -29.3747 82.4920166518763 -28.978345456405798
85.3454223713467 -23.775642234179873 82.4920166518763 -28.978345456405798
85.7055 -23.8745 85.3454223713467 -23.775642234179873
84.5943 -23.2566 85.3454223713467 -23.775642234179873
89.509 -22.2354 85.7055 -23.8745
90.9069 -20.1495 89.509 -22.2354
93.3819 -19.2838 90.9069 -20.1495
93.53768302086708 -16.214824293404455 93.3819 -19.2838
96.4336 -12.1699 93.53768302086708 -16.214824293404455
92.0919 -26.6961 89.509 -22.2354
98.0416 -21.6955 93.3819 -19.2838
87.3734 -13.2125 93.53768302086708 -16.214824293404455
86.3349 -9.53997 87.3734 -13.2125
87.3217 -2.59042 86.3349 -9.53997
86.5749 -0.757178 87.3217 -2.59042
89.5411 3.02292 86.5749 -0.757178
92.42175518637175 0.6937908079956321 89.5411 3.02292
92.219 -2.29709 92.42175518637175 0.6937908079956321
92.2872 -4.60966 92.219 -2.29709
95.7636 2.96223 92.42175518637175 0.6937908079956321
88.4213 -69.8548 81.3414 -69.9258
90.5699 -70.794 88.4213 -69.8548
89.2089 -73.1922 90.5699 -70.794
88.4139 -74.0781 89.2089 -73.1922
95.98890518180413 -68.95882269967618 90.5699 -70.794
97.1579 -67.4574 95.98890518180413 -68.95882269967618
97.0862 -66.5429 97.1579 -67.4574
96.0735 -66.0583 97.0862 -66.5429
98.5731 -67.3163 97.1579 -67.4574
97.8725 -72.161 95.98890518180413 -68.95882269967618
91.1031 -79.826 88.4139 -74.0781
91.0068 -80.8047 91.1031 -79.826
89.005 -83.9278 91.0068 -80.8047
94.8696 -59.5036 96.0735 -66.0583
95.1762 -52.3961 94.8696 -59.5036
96.5761 -52.3078 95.1762 -52.3961
89.4343 -48.4677 95.1762 -52.3961
98.8839 9.36263 95.7636 2.96223
96.2337 -86.7853 89.005 -83.9278
-37.8738 -56.8861 -45.8597 -56.2751
-70.6657 59.6901 -75.3111 66.2193
-71.4118 59.0895 -70.6657 59.6901
-62.974 -89.6771 -60.2499 -82.1318
-63.88960536862586 -91.69783544269981 -62.974 -89.6771
-65.5587 -92.9984 -63.88960536862586 -91.69783544269981
-65.6542 -93.0661 -65.5587 -92.9984
-61.4707 -93.749 -63.88960536862586 -91.69783544269981
-58.4501 -94.7999 -61.4707 -93.749
-64.9084 -98.8684 -65.6542 -93.0661
-72.2625 -89.6252 -65.6542 -93.0661
-73.9802 -91.3186 -72.2625 -89.6252
-78.5639 -92.9881 -73.9802 -91.3186
-77.0941 -96.3498 -78.5639 -92.9881
-79.8236 -97.1062 -77.0941 -96.3498
-83.29324134804405 -97.27821751074954 -79.8236 -97.1062
-84.0166 -99.1492 -83.29324134804405 -97.27821751074954
-85.8819 -99.593 -84.0166 -99.1492
-86.6316 -98.4604 -85.8819 -99.593
-88.1606 -98.9637 -86.6316 -98.4604
-88.2655 -97.7977 -88.1606 -98.9637
-73.9645 -99.1596 -77.0941 -96.3498
-84.3572 -92.4634 -83.29324134804405 -97.27821751074954
-93.668 -99.6056 -88.1606 -98.9637
-78.0538 31.3758 -71.7317 36.6513
73.5568 71.6549 68.4079 78.1475
72.1657 63.8313 73.5568 71.6549
71.0165 -93.5461 63.2079 -90.5878
71.6233 -94.1528 71.0165 -93.5461
71.3752 -95.519 71.6233 -94.1528
74.0777 -97.1014 71.3752 -95.519
-98.4188 -81.7294 -90.3471 -84.2118
93.5992 -40.8952 89.4343 -48.4677
93.4506 -39.4258 93.5992 -40.8952
96.0282 -36.5976 93.4506 -39.4258
-84.51199504617655 -11.166199973963117 -80.7985 -3.31461
-88.1908 -11.7221 -84.51199504617655 -11.166199973963117
-89.4167 -10.7051 -88.1908 -11.7221
-80.1335 -14.6332 -84.51199504617655 -11.166199973963117
-79.5521 -15.6995 -80.1335 -14.6332
-79.5485 -17.4328 -79.5521 -15.6995
54.1234 -44.4186 52.3455 -35.8618
59.2583 -43.8222 54.1234 -44.4186
-0.466127 95.6101 1.232324362574495 87.02348659248419
-0.0453702 98.9322 -0.466127 95.6101
-93.992 -50.9011 -96.7851 -59.2173
99.8184 92.3841 91.99329612655912 87.61829515407872
77.1297 -17.9374 84.5943 -23.2566
75.3131 -17.1943 77.1297 -17.9374
-65.7241 48.6548 -56.2404 48.0308
-67.0801 50.0342 -65.7241 48.6548
96.6472 -97.7368 96.2337 -86.7853
94.4955 -99.9987 96.6472 -97.7368
99.658 51.9395 99.046 39.6771