-8.26997 -73.6924 -8.93854 -72.9781
-8.93854 -72.9781 -8.96016 -69.1535
-8.96016 -69.1535 -13.6183 -64.8051
-13.6183 -64.8051 -15.2309 -65.7213
-15.2309 -65.7213 -18.1885 -67.5144
-18.1885 -67.5144 -23.9147 -65.5083
-23.9147 -65.5083 -25.0757 -65.4146
-25.0757 -65.4146 -26.9322 -67.5603
-26.9322 -67.5603 -29.4668 -64.7413
-29.4668 -64.7413 -30.8257 -61.6032
-30.8257 -61.6032 -31.1207 -61.4488
-13.6183 -64.8051 -9.17868 -60.5453
-18.1885 -67.5144 -15.6819 -73.1819
-15.6819 -73.1819 -19.0406 -74.9924
-19.0406 -74.9924 -22.6174 -72.3996
-9.17868 -60.5453 -10.4372 -54.4475
-10.4372 -54.4475 -6.1003 -53.4785
-6.1003 -53.4785 -2.9447 -48.5976
-2.9447 -48.5976 -5.41234 -46.4123
-5.41234 -46.4123 -9.07414 -46.3984
-9.07414 -46.3984 -9.64485 -44.6705
-9.07414 -46.3984 -15.1328 -48.1972
-15.1328 -48.1972 -17.1413 -45.0824
-17.1413 -45.0824 -18.2747 -45.0263
-10.4372 -54.4475 -16.6478 -55.7896
-18.2747 -45.0263 -24.3268 -47.6443
-24.3268 -47.6443 -25.6181 -43.9422
-25.6181 -43.9422 -28.4949 -41.3913
-28.4949 -41.3913 -30.1391 -39.7912
-30.1391 -39.7912 -33.2433 -37.0793
-33.2433 -37.0793 -35.8761 -37.6025
-35.8761 -37.6025 -35.8512 -42.1441
-35.8512 -42.1441 -35.8777 -42.2691
-35.8777 -42.2691 -39.7074 -44.7213
-39.7074 -44.7213 -43.193 -46.1571
-33.2433 -37.0793 -29.1347 -33.286
-29.1347 -33.286 -31.6535 -28.4871
-31.6535 -28.4871 -31.6661 -22.1913
-31.6661 -22.1913 -34.8331 -21.111
-31.6661 -22.1913 -27.5885 -19.2585
-27.5885 -19.2585 -25.9547 -13.8304
-25.9547 -13.8304 -30.1686 -12.9249
-30.1686 -12.9249 -32.9309 -14.8475
-25.9547 -13.8304 -22.4338 -10.6268
-22.4338 -10.6268 -19.6891 -6.35814
-19.6891 -6.35814 -14.1517 -5.13597
-5.41234 -46.4123 -0.500479 -41.96
-0.500479 -41.96 2.88693 -42.1368
2.88693 -42.1368 6.09791 -43.9793
6.09791 -43.9793 8.74316 -43.1036
8.74316 -43.1036 11.5577 -46.4165
11.5577 -46.4165 13.9856 -48.4325
13.9856 -48.4325 13.6397 -50.3121
13.9856 -48.4325 15.7967 -46.461
13.6397 -50.3121 17.9416 -52.3566
17.9416 -52.3566 19.4952 -52.9195
13.6397 -50.3121 9.87462 -53.7864
9.87462 -53.7864 9.39497 -58.0875
9.39497 -58.0875 11.9245 -61.1099
11.9245 -61.1099 15.1358 -60.7385
15.1358 -60.7385 16.4234 -57.7315
11.9245 -61.1099 13.8907 -64.0424
9.39497 -58.0875 5.48782 -56.7228
5.48782 -56.7228 5.53783 -53.1978
13.8907 -64.0424 10.7137 -66.7297
15.1358 -60.7385 19.3895 -61.3705
19.3895 -61.3705 21.2219 -64.38
21.2219 -64.38 22.5632 -64.4424
5.48782 -56.7228 4.61449 -61.0642
4.61449 -61.0642 3.17514 -60.9992
4.61449 -61.0642 6.18612 -63.6038
21.2219 -64.38 18.7974 -69.1718
22.5632 -64.4424 25.8538 -60.0486
25.8538 -60.0486 29.6309 -61.6658
29.6309 -61.6658 33.6547 -64.3696
3.17514 -60.9992 -2.42899 -60.0873
33.6547 -64.3696 30.1868 -68.9957
30.1868 -68.9957 28.3344 -73.1773
28.3344 -73.1773 25.5414 -71.2298
29.6309 -61.6658 30.5244 -55.6665
30.5244 -55.6665 35.7729 -56.2082
35.7729 -56.2082 36.7892 -53.0648
35.7729 -56.2082 37.9311 -59.7826
36.7892 -53.0648 32.3189 -50.1672
32.3189 -50.1672 31.9511 -48.7063
31.9511 -48.7063 26.5686 -49.1845
10.7137 -66.7297 8.52006 -72.4569
8.52006 -72.4569 5.22466 -76.5126
5.22466 -76.5126 9.903 -77.9736
9.903 -77.9736 12.2266 -78.1834
12.2266 -78.1834 16.055 -79.9136
16.055 -79.9136 13.2255 -82.4161
5.22466 -76.5126 0.370749 -74.1914
0.370749 -74.1914 -1.64928 -71.4196
-8.26997 -73.6924 -12.0732 -79.2498
-12.0732 -79.2498 -10.9758 -81.2713
-10.9758 -81.2713 -6.66628 -83.0679
-6.66628 -83.0679 -4.47184 -84.6356
-4.47184 -84.6356 -4.73838 -86.067
-4.73838 -86.067 -3.04263 -86.3371
-3.04263 -86.3371 0.191249 -86.7068
-12.0732 -79.2498 -16.3669 -82.6788
-16.3669 -82.6788 -18.3645 -83.9356
-18.3645 -83.9356 -17.635 -87.3409
-17.635 -87.3409 -19.9434 -89.9803
-18.3645 -83.9356 -23.1716 -85.2502
-23.1716 -85.2502 -24.209 -85.429
-23.1716 -85.2502 -23.9098 -83.7172
-24.209 -85.429 -24.8259 -87.0736
-24.209 -85.429 -26.5634 -84.1939
-24.8259 -87.0736 -27.4235 -87.772
-26.5634 -84.1939 -26.5616 -79.2565
-26.5616 -79.2565 -26.2876 -78.963
-26.5616 -79.2565 -27.8065 -78.8875
-27.4235 -87.772 -31.3021 -92.0673
-31.3021 -92.0673 -34.3532 -90.5071
-31.3021 -92.0673 -34.5001 -96.6512
-34.5001 -96.6512 -30.7137 -99.9449
-30.7137 -99.9449 -29.3151 -98.6779
-19.9434 -89.9803 -24.9126 -93.5322
-24.9126 -93.5322 -22.5234 -97.7714
-27.8065 -78.8875 -31.8334 -73.6955
-31.8334 -73.6955 -36.7644 -74.0495
-36.7644 -74.0495 -38.495 -68.9883
-38.495 -68.9883 -37.9345 -66.9914
-38.495 -68.9883 -40.5956 -67.9452
-40.5956 -67.9452 -43.3335 -68.1307
-43.3335 -68.1307 -43.4345 -65.7546
-43.4345 -65.7546 -47.0708 -64.8383
-47.0708 -64.8383 -48.5627 -63.7682
-48.5627 -63.7682 -52.4284 -62.8245
-48.5627 -63.7682 -50.9146 -67.0631
-50.9146 -67.0631 -54.5023 -71.7641
-54.5023 -71.7641 -55.6687 -71.8579
-55.6687 -71.8579 -55.8722 -73.2887
-55.8722 -73.2887 -53.1761 -74.5679
-52.4284 -62.8245 -49.2677 -57.0681
-49.2677 -57.0681 -45.8597 -56.2751
-4.73838 -86.067 -9.79797 -90.6555
-9.79797 -90.6555 -10.3535 -91.1047
-10.3535 -91.1047 -6.72979 -95.046
-6.72979 -95.046 -3.56012 -96.1967
-3.56012 -96.1967 -3.25537 -95.1415
-3.25537 -95.1415 -2.06966 -94.1289
-6.72979 -95.046 -9.44876 -98.8711
-2.06966 -94.1289 4.41269 -93.6687
4.41269 -93.6687 5.94004 -93.0856
5.94004 -93.0856 7.00504 -88.1979
5.94004 -93.0856 10.7604 -94.6392
4.41269 -93.6687 3.69568 -98.7317
-55.8722 -73.2887 -62.3448 -75.4986
-62.3448 -75.4986 -61.0695 -79.6643
-61.0695 -79.6643 -60.2499 -82.1318
-62.3448 -75.4986 -67.9834 -75.2302
-67.9834 -75.2302 -70.6672 -77.9436
-70.6672 -77.9436 -75.7993 -80.6268
-75.7993 -80.6268 -77.8761 -83.2907
-77.8761 -83.2907 -78.1708 -83.1522
-75.7993 -80.6268 -80.0269 -78.4522
-80.0269 -78.4522 -75.9101 -75.386
-75.9101 -75.386 -74.7938 -73.3413
-74.7938 -73.3413 -78.5372 -71.5488
-78.5372 -71.5488 -76.7116 -66.9187
-80.0269 -78.4522 -85.3923 -78.0146
-85.3923 -78.0146 -88.7961 -80.5727
-88.7961 -80.5727 -90.3471 -84.2118
-88.7961 -80.5727 -89.7647 -76.5052
-89.7647 -76.5052 -88.1306 -74.5526
-88.1306 -74.5526 -90.6798 -69.359
-90.6798 -69.359 -87.7518 -68.7769
-87.7518 -68.7769 -85.3633 -66.0078
-90.6798 -69.359 -93.7192 -65.8408
-76.7116 -66.9187 -70.1497 -68.084
-70.1497 -68.084 -68.0485 -66.8145
-68.0485 -66.8145 -68.4538 -64.6239
-68.4538 -64.6239 -69.1244 -62.5842
-69.1244 -62.5842 -70.9014 -61.0516
-68.0485 -66.8145 -66.1781 -68.5691
-69.1244 -62.5842 -65.6638 -61.7387
-65.6638 -61.7387 -67.2127 -59.1694
-67.2127 -59.1694 -69.2791 -57.6962
-69.2791 -57.6962 -67.3922 -54.7728
-67.3922 -54.7728 -66.5461 -53.4265
-67.3922 -54.7728 -64.623 -55.9154
-64.623 -55.9154 -63.1575 -52.8802
-66.5461 -53.4265 -68.2291 -49.8605
-63.1575 -52.8802 -59.1815 -53.5727
-59.1815 -53.5727 -56.1696 -50.2492
-56.1696 -50.2492 -52.8332 -47.3695
-52.8332 -47.3695 -51.3978 -49.0874
-52.8332 -47.3695 -51.14 -45.5114
-52.8332 -47.3695 -55.3623 -43.9776
-55.3623 -43.9776 -56.0256 -41.5595
-69.2791 -57.6962 -73.9145 -57.4497
-56.0256 -41.5595 -60.1819 -43.7429
-60.1819 -43.7429 -59.5361 -46.6595
-60.1819 -43.7429 -64.716 -44.1014
-64.716 -44.1014 -66.6986 -45.0186
-27.5885 -19.2585 -21.8134 -23.3238
-21.8134 -23.3238 -15.1733 -23.8783
-15.1733 -23.8783 -17.5579 -29.6262
-15.1733 -23.8783 -8.04745 -23.4357
-19.6891 -6.35814 -26.0248 -2.94545
-26.0248 -2.94545 -28.9495 -2.45756
-28.9495 -2.45756 -33.3152 -3.55458
-33.3152 -3.55458 -34.8093 -2.54479
-34.8093 -2.54479 -36.2901 -1.55852
-36.2901 -1.55852 -36.1934 0.904579
-33.3152 -3.55458 -32.3095 -5.93397
-36.1934 0.904579 -40.1525 1.62745
-40.1525 1.62745 -41.0061 -0.868216
-40.1525 1.62745 -44.5604 4.44293
-44.5604 4.44293 -47.1733 3.30629
-40.1525 1.62745 -38.772 7.00231
-38.772 7.00231 -35.3142 6.97524
-38.772 7.00231 -40.7779 9.98944
-40.7779 9.98944 -41.194 13.4202
-40.7779 9.98944 -36.7985 11.3672
-41.194 13.4202 -46.2829 13.138
-46.2829 13.138 -47.0517 13.5653
-36.7985 11.3672 -33.765 15.5552
-33.765 15.5552 -33.7435 18.3788
-33.7435 18.3788 -36.2444 19.6433
-36.2444 19.6433 -37.0378 19.235
-33.765 15.5552 -29.7808 14.1356
-33.7435 18.3788 -30.5017 21.2003
-30.5017 21.2003 -28.7332 23.3126
-28.7332 23.3126 -29.6251 23.8244
-29.7808 14.1356 -26.3595 17.1349
-28.7332 23.3126 -23.5486 22.1461
-23.5486 22.1461 -20.6689 25.5997
-47.1733 3.30629 -49.4563 -1.7756
-49.4563 -1.7756 -53.7199 -4.9685
-53.7199 -4.9685 -55.1433 -6.11223
-55.1433 -6.11223 -57.7159 -9.56525
-57.7159 -9.56525 -59.3683 -13.0994
-59.3683 -13.0994 -60.2739 -13.8351
-59.3683 -13.0994 -57.2765 -14.1704
-57.2765 -14.1704 -57.3586 -17.1636
-55.1433 -6.11223 -51.9119 -8.98552
-51.9119 -8.98552 -51.5044 -12.8455
-51.5044 -12.8455 -53.1369 -15.8209
-55.1433 -6.11223 -59.3499 -4.71364
-59.3499 -4.71364 -56.7509 -1.34905
-59.3499 -4.71364 -64.3345 -6.41653
-64.3345 -6.41653 -65.3013 -4.44526
-65.3013 -4.44526 -64.1524 -1.94799
-64.1524 -1.94799 -64.8426 1.36132
-64.3345 -6.41653 -67.6405 -8.23185
-67.6405 -8.23185 -68.8254 -8.39083
-64.8426 1.36132 -67.7161 3.86733
-56.7509 -1.34905 -55.8969 3.86064
-55.8969 3.86064 -52.4386 6.99038
-52.4386 6.99038 -56.8348 8.80454
-56.8348 8.80454 -59.6766 8.5649
-59.6766 8.5649 -63.3885 8.74269
-57.3586 -17.1636 -56.6569 -22.6465
-56.6569 -22.6465 -53.2617 -25.7069
-51.5044 -12.8455 -45.9308 -10.8462
-45.9308 -10.8462 -44.6665 -11.5259
-44.6665 -11.5259 -43.2709 -12.8452
-43.2709 -12.8452 -42.0467 -15.6843
-20.6689 25.5997 -23.5174 30.9258
-23.5174 30.9258 -23.3087 31.7731
-23.3087 31.7731 -22.6585 33.7809
-22.6585 33.7809 -22.4549 36.2692
-22.6585 33.7809 -19.6504 34.6074
-23.5174 30.9258 -26.0757 29.1311
-19.6504 34.6074 -18.1443 37.8268
-18.1443 37.8268 -18.1859 40.035
-18.1859 40.035 -18.6046 43.7081
-18.6046 43.7081 -16.9799 44.9927
-16.9799 44.9927 -16.4553 45.467
-16.4553 45.467 -14.8996 48.2678
-14.8996 48.2678 -16.5085 50.0208
-16.5085 50.0208 -14.2727 50.6632
-16.5085 50.0208 -18.65 51.7398
-14.2727 50.6632 -13.2143 54.6405
-13.2143 54.6405 -11.4358 55.5446
-11.4358 55.5446 -11.1974 55.6438
-11.1974 55.6438 -10.5621 54.6809
-26.0757 29.1311 -29.7802 31.1303
-29.7802 31.1303 -28.3519 33.379
-28.3519 33.379 -27.52 36.2398
-27.52 36.2398 -26.596 37.7701
-10.5621 54.6809 -8.21725 50.105
-8.21725 50.105 -5.36193 47.6325
-5.36193 47.6325 -2.42175 46.1811
-2.42175 46.1811 2.1651 45.6906
2.1651 45.6906 1.8195 41.5652
1.8195 41.5652 -2.6301 39.3991
-2.6301 39.3991 -5.21558 36.7819
-5.21558 36.7819 -9.09057 35.2131
-9.09057 35.2131 -10.5017 36.4382
-10.5017 36.4382 -11.3831 36.1113
2.1651 45.6906 7.25335 47.7917
7.25335 47.7917 10.7037 46.0006
7.25335 47.7917 8.21161 53.0397
8.21161 53.0397 9.69637 54.2638
8.21161 53.0397 4.24519 57.0156
4.24519 57.0156 1.95054 52.4349
1.95054 52.4349 -1.13557 55.7855
-1.13557 55.7855 -2.66377 54.4061
4.24519 57.0156 3.28819 62.369
10.7037 46.0006 16.1939 43.8409
16.1939 43.8409 15.9152 42.6559
15.9152 42.6559 13.868 38.1863
13.868 38.1863 14.3165 33.5931
14.3165 33.5931 16.7365 31.9027
16.7365 31.9027 17.3587 29.1603
17.3587 29.1603 14.8015 28.318
14.3165 33.5931 9.74726 33.4099
14.8015 28.318 8.92805 26.3685
-26.0248 -2.94545 -25.618 3.3915
-25.618 3.3915 -26.5671 5.57457
-26.5671 5.57457 -27.0741 5.48406
-26.5671 5.57457 -23.0084 7.03226
-23.0084 7.03226 -18.5127 10.3982
-18.5127 10.3982 -15.4895 13.2365
-56.6569 -22.6465 -63.1286 -23.5601
-63.1286 -23.5601 -65.1992 -25.5683
-65.1992 -25.5683 -70.7114 -28.274
-70.7114 -28.274 -72.0326 -23.9799
-70.7114 -28.274 -71.0205 -33.1386
-71.0205 -33.1386 -74.8156 -37.0785
-74.8156 -37.0785 -71.6728 -39.4531
-74.8156 -37.0785 -79.2405 -37.9662
-71.0205 -33.1386 -64.8841 -35.6156
8.92805 26.3685 13.5501 21.5711
13.5501 21.5711 17.6375 17.2782
17.6375 17.2782 15.1305 12.6979
-65.1992 -25.5683 -60.1999 -30.0435
-47.0517 13.5653 -50.6053 19.3446
-63.3885 8.74269 -62.5731 15.5168
-62.5731 15.5168 -68.3461 18.6995
-68.3461 18.6995 -70.2425 20.0265
-70.2425 20.0265 -69.9212 21.1279
-69.9212 21.1279 -69.7845 22.963
-70.2425 20.0265 -73.1838 20.4682
-73.1838 20.4682 -74.8134 22.8251
-68.3461 18.6995 -71.4695 16.0743
-71.4695 16.0743 -71.3511 15.3276
-69.7845 22.963 -66.4143 26.8462
-66.4143 26.8462 -61.2491 27.2201
-61.2491 27.2201 -58.2229 28.8572
-58.2229 28.8572 -57.2906 25.9144
-58.2229 28.8572 -54.8603 30.5909
-54.8603 30.5909 -52.6334 35.5665
-52.6334 35.5665 -50.8593 39.252
-50.8593 39.252 -52.0178 41.9639
-52.0178 41.9639 -53.6209 43.831
-53.6209 43.831 -52.9346 45.0583
-50.8593 39.252 -47.2033 40.3535
-47.2033 40.3535 -45.7704 37.919
-47.2033 40.3535 -44.6706 42.09
-45.7704 37.919 -42.466 36.9121
-47.2033 40.3535 -48.1002 43.9494
-48.1002 43.9494 -45.7136 47.257
-45.7136 47.257 -44.8247 47.5609
-44.8247 47.5609 -45.5729 48.4004
-52.9346 45.0583 -56.2404 48.0308
-45.5729 48.4004 -50.6541 50.0385
-50.6541 50.0385 -49.9689 53.8875
-49.9689 53.8875 -47.2508 53.9569
-49.9689 53.8875 -49.8508 58.2313
-49.8508 58.2313 -53.1531 57.7408
-53.1531 57.7408 -54.4784 60.726
-54.4784 60.726 -57.2168 58.556
-54.4784 60.726 -50.7704 62.2401
-47.2508 53.9569 -43.5688 56.773
-43.5688 56.773 -43.5561 58.3965
-43.5561 58.3965 -41.0414 62.7245
-41.0414 62.7245 -38.7877 66.1366
-41.0414 62.7245 -38.4949 59.0029
-38.4949 59.0029 -38.4282 56.4261
-38.4282 56.4261 -40.0892 52.0198
-71.3511 15.3276 -75.8619 12.0649
-54.4784 60.726 -58.1881 64.9811
-58.1881 64.9811 -62.9252 67.0208
-58.1881 64.9811 -57.5681 70.3842
-57.5681 70.3842 -54.9615 73.111
-57.5681 70.3842 -61.4783 73.2369
-61.4783 73.2369 -61.6313 73.8562
-61.6313 73.8562 -62.0903 76.1568
-62.0903 76.1568 -65.6827 75.8681
-65.6827 75.8681 -65.0293 80.1182
-65.6827 75.8681 -70.3219 73.5028
-70.3219 73.5028 -72.7538 70.9066
-72.7538 70.9066 -75.9647 70.8473
-75.9647 70.8473 -77.3084 68.9062
-75.9647 70.8473 -77.9702 73.261
-77.9702 73.261 -76.8787 74.2568
-77.9702 73.261 -81.1597 73.1806
-81.1597 73.1806 -82.0294 75.812
-77.3084 68.9062 -75.3111 66.2193
-82.0294 75.812 -87.5563 74.5952
-87.5563 74.5952 -89.1406 75.3393
-89.1406 75.3393 -92.268 73.5777
-92.268 73.5777 -95.5498 71.2122
-89.1406 75.3393 -87.8871 79.5313
-95.5498 71.2122 -96.0748 65.5646
-96.0748 65.5646 -93.6323 62.461
-61.2491 27.2201 -62.6351 32.9378
-62.6351 32.9378 -66.3035 36.673
-66.3035 36.673 -69.1139 39.565
-69.1139 39.565 -70.8014 36.1487
-70.8014 36.1487 -71.7317 36.6513
-74.8134 22.8251 -80.5673 20.1224
-80.5673 20.1224 -85.2576 19.7559
-85.2576 19.7559 -87.4228 19.5913
-87.4228 19.5913 -89.2546 19.8388
-89.2546 19.8388 -91.1201 22.1983
-91.1201 22.1983 -92.2342 21.3861
-92.2342 21.3861 -94.7321 17.2032
-94.7321 17.2032 -93.3892 14.331
-92.2342 21.3861 -96.4111 24.2091
-96.4111 24.2091 -99.8242 23.2701
-42.466 36.9121 -37.0602 33.3713
-65.0293 80.1182 -71.5958 80.3347
-71.5958 80.3347 -72.6012 79.8535
-71.5958 80.3347 -73.1091 83.0983
-73.1091 83.0983 -70.7609 86.5687
-70.7609 86.5687 -68.9172 89.0501
-68.9172 89.0501 -70.3697 91.0818
-70.3697 91.0818 -71.7491 91.4631
-71.7491 91.4631 -73.6107 93.6883
-73.6107 93.6883 -70.2593 94.6203
-70.2593 94.6203 -72.0064 97.9055
-68.9172 89.0501 -65.1611 91.783
-65.1611 91.783 -60.384 92.632
-60.384 92.632 -58.5582 93.844
-58.5582 93.844 -55.9219 92.1912
-55.9219 92.1912 -51.8413 95.4231
-58.5582 93.844 -60.6697 99.4307
-73.6107 93.6883 -80.09 92.5844
-80.09 92.5844 -83.9294 94.6692
-83.9294 94.6692 -85.2446 88.7978
-85.2446 88.7978 -87.9475 88.8385
-87.9475 88.8385 -89.9037 88.8904
-89.9037 88.8904 -93.0002 86.4315
-42.466 36.9121 -44.0616 30.493
-93.0002 86.4315 -99.2363 84.1871
-93.6323 62.461 -99.3542 59.0705
-99.3542 59.0705 -97.3715 52.7248
-97.3715 52.7248 -94.3754 52.9535
-94.3754 52.9535 -88.9442 55.1761
-88.9442 55.1761 -84.5351 52.4688
-88.9442 55.1761 -85.2978 58.8556
-51.8413 95.4231 -45.7858 98.3244
-79.2405 -37.9662 -80.6923 -31.2773
16.1939 43.8409 19.4784 49.8662
19.4784 49.8662 22.4115 55.2835
22.4115 55.2835 24.2494 58.3229
24.2494 58.3229 20.4013 59.2076
20.4013 59.2076 17.351 60.0064
17.351 60.0064 14.5613 63.0814
14.5613 63.0814 14.1858 64.8519
14.1858 64.8519 10.4158 67.7491
24.2494 58.3229 30.2479 57.2474
30.2479 57.2474 28.333 53.2627
28.333 53.2627 29.0692 51.3253
29.0692 51.3253 26.686 50.5881
29.0692 51.3253 31.9391 48.8228
31.9391 48.8228 34.0051 48.7672
34.0051 48.7672 34.5478 51.8393
34.5478 51.8393 37.9415 49.687
37.9415 49.687 39.9582 51.6492
30.2479 57.2474 35.0014 56.7703
14.1858 64.8519 20.2343 65.6863
20.2343 65.6863 20.3275 66.2512
20.3275 66.2512 20.4463 66.9889
20.4463 66.9889 24.5628 67.169
24.5628 67.169 26.9239 66.7296
26.9239 66.7296 29.1719 66.2815
20.4463 66.9889 21.8936 71.9021
21.8936 71.9021 22.1875 73.3118
26.686 50.5881 26.5877 44.4586
37.9415 49.687 41.0596 44.1896
41.0596 44.1896 43.1285 45.9495
26.5877 44.4586 32.2355 40.4559
-63.1286 -23.5601 -67.4934 -18.1714
-79.2405 -37.9662 -80.1651 -44.8833
-80.1651 -44.8833 -79.3492 -45.2161
-79.3492 -45.2161 -79.6725 -48.5663
-79.6725 -48.5663 -82.8174 -54.0151
22.1875 73.3118 18.8318 79.4489
18.8318 79.4489 22.104 80.3754
22.104 80.3754 26.1383 82.7516
26.1383 82.7516 28.4108 78.0644
18.8318 79.4489 13.7264 83.1375
13.7264 83.1375 11.7814 84.7779
11.7814 84.7779 9.3861 83.615
9.3861 83.615 9.67303 80.4987
9.67303 80.4987 9.48025 77.2703
11.7814 84.7779 15.9725 87.9743
15.9725 87.9743 14.68 92.011
14.68 92.011 18.3988 93.0144
14.68 92.011 10.8617 90.8032
9.3861 83.615 3.88327 86.9386
3.88327 86.9386 2.69979 86.6011
2.69979 86.6011 -1.05195 85.9479
2.69979 86.6011 2.15524 82.1658
2.15524 82.1658 -2.70586 79.3048
-2.70586 79.3048 1.34954 76.5439
1.34954 76.5439 1.19118 72.172
1.19118 72.172 3.72577 72.255
-2.70586 79.3048 -7.11084 82.7635
18.3988 93.0144 16.3655 99.2118
16.3655 99.2118 20.7949 99.1053
-93.3892 14.331 -91.1251 7.69822
-91.1251 7.69822 -87.9517 6.37204
-87.9517 6.37204 -86.9612 4.99748
-86.9612 4.99748 -86.9287 3.83497
-86.9287 3.83497 -83.4805 -0.0329667
-83.4805 -0.0329667 -81.8534 -1.20466
-81.8534 -1.20466 -80.7985 -3.31461
-86.9612 4.99748 -81.6933 5.26002
-81.8534 -1.20466 -76.3205 1.0118
-87.9517 6.37204 -84.8451 12.3118
-85.2978 58.8556 -83.6525 65.7416
-54.9615 73.111 -49.9288 78.0906
-49.9288 78.0906 -53.8946 81.4772
-53.8946 81.4772 -49.8691 84.6123
-49.8691 84.6123 -50.9085 86.2589
-50.9085 86.2589 -51.3543 85.978
-50.9085 86.2589 -49.0085 87.9451
-49.0085 87.9451 -46.7426 85.8643
-46.7426 85.8643 -41.7668 86.195
-41.7668 86.195 -43.5538 89.8788
-43.5538 89.8788 -39.7221 93.4076
-49.9288 78.0906 -44.105 78.729
-44.105 78.729 -38.8383 80.1703
-38.8383 80.1703 -38.7356 77.7144
-38.8383 80.1703 -34.9438 81.6418
-39.7221 93.4076 -34.1888 95.436
-34.1888 95.436 -33.4263 96.9844
-33.4263 96.9844 -30.6983 99.0916
-30.6983 99.0916 -29.3087 95.1576
-29.3087 95.1576 -29.2738 90.6946
-29.2738 90.6946 -27.5833 87.0483
-27.5833 87.0483 -24.2324 89.5699
-24.2324 89.5699 -20.5227 85.7577
-20.5227 85.7577 -20.1384 82.1706
-20.1384 82.1706 -17.6284 82.1475
-17.6284 82.1475 -13.9108 85.1006
-13.9108 85.1006 -13.613 89.9504
-13.613 89.9504 -16.6321 93.1673
-16.6321 93.1673 -18.0084 94.848
-18.0084 94.848 -19.452 99.0801
-20.1384 82.1706 -26.4888 80.3667
-26.4888 80.3667 -27.4814 77.3199
-27.4814 77.3199 -26.275 71.5391
-26.275 71.5391 -28.2653 69.8166
-28.2653 69.8166 -33.2046 72.7063
-28.2653 69.8166 -25.1501 63.9054
-25.1501 63.9054 -20.3713 63.9452
-20.3713 63.9452 -18.0491 62.8563
-25.1501 63.9054 -28.4656 59.807
-20.3713 63.9452 -16.9211 68.3021
-16.9211 68.3021 -13.6678 66.2774
-13.6678 66.2774 -8.84968 68.7951
-8.84968 68.7951 -7.551 63.5123
-7.551 63.5123 -6.56546 63.492
-38.7877 66.1366 -44.2873 70.7596
39.9582 51.6492 46.3165 55.0291
46.3165 55.0291 49.8503 53.8228
49.8503 53.8228 54.9572 56.3172
54.9572 56.3172 59.4765 56.435
54.9572 56.3172 53.872 62.6094
53.872 62.6094 47.411 62.8576
47.411 62.8576 42.8143 62.4825
42.8143 62.4825 41.0199 64.2876
41.0199 64.2876 37.5178 64.478
37.5178 64.478 37.2862 64.5597
41.0199 64.2876 41.6958 67.9113
41.6958 67.9113 46.1722 67.5137
41.6958 67.9113 42.3129 72.7286
42.3129 72.7286 38.2459 72.3591
42.3129 72.7286 41.8399 78.1013
30.1868 -68.9957 36.4993 -72.6356
36.4993 -72.6356 37.6911 -74.9269
37.6911 -74.9269 40.4943 -75.41
37.6911 -74.9269 36.9703 -78.5847
36.9703 -78.5847 38.4062 -80.4907
38.4062 -80.4907 41.2923 -82.2015
38.4062 -80.4907 36.3312 -83.5211
36.3312 -83.5211 38.2221 -87.0933
38.2221 -87.0933 42.7176 -90.3596
42.7176 -90.3596 41.39 -95.5833
38.2221 -87.0933 33.9409 -92.4572
33.9409 -92.4572 28.5958 -97.0099
28.5958 -97.0099 25.3648 -96.5544
25.3648 -96.5544 22.5503 -99.2176
22.5503 -99.2176 18.3176 -93.6722
18.3176 -93.6722 18.3896 -88.0691
-93.7192 -65.8408 -96.7851 -59.2173
-89.9037 88.8904 -93.1514 95.4477
-93.1514 95.4477 -99.6685 97.3766
-20.6689 25.5997 -14.3171 21.8638
15.1305 12.6979 17.6238 5.70965
17.6238 5.70965 17.4206 4.87774
17.6238 5.70965 19.7677 6.78097
17.4206 4.87774 19.3241 3.15829
19.3241 3.15829 21.604 2.7518
17.4206 4.87774 14.3254 4.7569
19.7677 6.78097 22.4729 8.64502
22.4729 8.64502 22.2221 10.3659
21.604 2.7518 25.3159 1.90187
25.3159 1.90187 25.9453 5.1858
25.9453 5.1858 30.7838 5.38576
30.7838 5.38576 33.6154 4.60377
33.6154 4.60377 36.8744 10.0135
36.8744 10.0135 37.7974 13.0921
37.7974 13.0921 39.8059 11.8218
39.8059 11.8218 41.3639 9.93646
41.3639 9.93646 41.1735 7.53928
41.3639 9.93646 44.186 10.5602
44.186 10.5602 46.5774 8.1111
46.5774 8.1111 49.2568 8.35925
49.2568 8.35925 50.6674 9.7813
44.186 10.5602 43.7788 14.3469
36.8744 10.0135 33.5247 12.4612
43.7788 14.3469 40.5979 17.5978
50.6674 9.7813 55.3968 9.8957
55.3968 9.8957 56.0183 13.1612
25.3159 1.90187 29.299 -4.04428
29.299 -4.04428 31.6129 -7.19343
31.6129 -7.19343 32.2711 -7.91317
32.2711 -7.91317 33.1007 -9.62975
33.1007 -9.62975 34.5989 -12.1753
34.5989 -12.1753 33.9625 -14.8948
33.9625 -14.8948 34.9386 -16.6407
33.9625 -14.8948 31.047 -15.9113
31.047 -15.9113 26.647 -16.6516
34.5989 -12.1753 38.7852 -10.2559
31.6129 -7.19343 27.2642 -9.10432
38.7852 -10.2559 45.0051 -9.86087
45.0051 -9.86087 45.9904 -9.42238
45.9904 -9.42238 46.6847 -9.02094
45.9904 -9.42238 45.0469 -8.45351
45.0469 -8.45351 45.7847 -5.10944
46.6847 -9.02094 50.342 -12.6723
45.7847 -5.10944 49.6585 -0.303976
26.647 -16.6516 20.6118 -13.4353
20.6118 -13.4353 19.1483 -18.296
19.1483 -18.296 22.1989 -22.1849
19.1483 -18.296 12.9797 -18.2467
12.9797 -18.2467 11.0905 -19.4433
12.9797 -18.2467 13.2394 -15.4799
31.6129 -7.19343 36.4098 -2.21137
-15.1733 -23.8783 -14.3695 -16.4883
-14.3695 -16.4883 -7.71332 -13.8492
-7.71332 -13.8492 -6.97396 -12.2
-6.97396 -12.2 -4.45365 -12.7177
-4.45365 -12.7177 -4.44826 -15.9897
-4.45365 -12.7177 0.454946 -11.7374
0.454946 -11.7374 2.93189 -10.7953
2.93189 -10.7953 0.946123 -7.70809
0.946123 -7.70809 3.5191 -6.55824
3.5191 -6.55824 3.9977 -4.43914
3.9977 -4.43914 6.51255 -2.74241
3.9977 -4.43914 -0.0685338 -3.22543
-0.0685338 -3.22543 -1.94559 0.635462
-1.94559 0.635462 -6.60652 3.49644
6.51255 -2.74241 11.6465 -7.40197
11.6465 -7.40197 13.798 -4.79593
13.798 -4.79593 17.0363 -5.04498
-80.6923 -31.2773 -85.2299 -25.3281
-96.4111 24.2091 -96.2168 31.7187
-96.2168 31.7187 -99.6671 31.7228
-96.2168 31.7187 -92.7265 36.3332
-92.7265 36.3332 -96.1815 41.3071
-92.7265 36.3332 -88.008 32.2851
-88.008 32.2851 -87.9715 30.2589
-87.9715 30.2589 -87.3864 29.5746
-96.1815 41.3071 -89.2611 44.3743
-89.2611 44.3743 -85.4262 43.7839
-85.4262 43.7839 -85.6037 42.9528
-85.6037 42.9528 -83.5302 39.8002
43.1285 45.9495 50.4447 43.9282
50.4447 43.9282 52.4396 40.2381
52.4396 40.2381 50.7725 39.1358
52.4396 40.2381 56.9377 39.9182
56.9377 39.9182 62.6761 39.8955
62.6761 39.8955 67.2413 37.4829
67.2413 37.4829 67.284 36.1124
67.284 36.1124 68.9281 35.7419
67.284 36.1124 63.841 33.4209
63.841 33.4209 60.6146 30.2507
60.6146 30.2507 63.2422 28.3407
63.2422 28.3407 64.9395 26.5477
64.9395 26.5477 66.1244 25.9772
60.6146 30.2507 58.9762 33.1946
60.6146 30.2507 58.954 26.9435
66.1244 25.9772 69.7391 29.6151
62.6761 39.8955 67.4164 43.959
50.7725 39.1358 45.7217 35.2474
45.7217 35.2474 39.6921 34.9049
69.7391 29.6151 76.4701 30.4093
76.4701 30.4093 77.3021 34.2703
66.1244 25.9772 64.1866 19.3474
64.1866 19.3474 65.8662 18.3429
64.1866 19.3474 62.3791 17.3724
65.8662 18.3429 72.8343 19.1854
72.8343 19.1854 73.5729 17.6365
72.8343 19.1854 75.6422 23.2253
76.4701 30.4093 83.1635 28.0309
83.1635 28.0309 86.3829 27.9047
86.3829 27.9047 87.6727 28.7994
87.6727 28.7994 87.1872 30.3029
87.1872 30.3029 86.7855 32.49
86.7855 32.49 85.7805 32.4355
86.7855 32.49 89.8314 32.3987
89.8314 32.3987 94.6386 32.8691
86.7855 32.49 86.0873 37.3545
86.0873 37.3545 90.883 40.4413
86.3829 27.9047 87.8236 21.357
87.8236 21.357 84.1659 20.4499
84.1659 20.4499 86.017 16.6041
86.017 16.6041 84.066 13.8427
84.066 13.8427 80.3993 11.5221
87.8236 21.357 94.1043 21.7496
94.1043 21.7496 97.486 20.672
97.486 20.672 97.3458 19.3405
97.3458 19.3405 99.0668 17.5295
68.9281 35.7419 74.0752 40.6664
74.0752 40.6664 76.7129 41.6797
90.883 40.4413 98.2203 39.6445
98.2203 39.6445 99.046 39.6771
58.954 26.9435 51.5734 26.5114
51.5734 26.5114 48.8147 25.3723
48.8147 25.3723 45.0824 25.9087
45.0824 25.9087 41.864 25.3723
67.4164 43.959 71.9321 49.8269
71.9321 49.8269 69.8717 51.5703
69.8717 51.5703 73.2077 54.638
41.864 25.3723 34.3296 24.6485
34.3296 24.6485 28.878 24.801
28.878 24.801 22.7852 22.9003
28.878 24.801 28.6053 31.9775
-91.1251 7.69822 -96.6052 2.34555
-96.6052 2.34555 -98.9021 -2.85293
49.6585 -0.303976 56.8767 -2.9948
56.8767 -2.9948 60.9825 -1.63185
60.9825 -1.63185 67.0133 1.27801
67.0133 1.27801 66.8677 1.93165
66.8677 1.93165 69.1963 2.65474
69.1963 2.65474 72.5984 4.17776
72.5984 4.17776 73.5983 3.41396
72.5984 4.17776 70.3299 9.84569
70.3299 9.84569 69.2651 9.86047
56.8767 -2.9948 60.7178 -8.73361
60.7178 -8.73361 61.33 -12.0549
61.33 -12.0549 62.6565 -17.834
62.6565 -17.834 61.271 -19.8954
61.271 -19.8954 60.7591 -24.6077
60.7591 -24.6077 64.1452 -27.6799
64.1452 -27.6799 65.741 -24.5642
65.741 -24.5642 66.3102 -21.3098
64.1452 -27.6799 67.4635 -32.1444
67.4635 -32.1444 67.0069 -33.4723
61.271 -19.8954 54.1236 -20.7024
54.1236 -20.7024 52.4644 -26.5901
52.4644 -26.5901 51.0843 -27.4639
51.0843 -27.4639 49.1044 -24.992
51.0843 -27.4639 51.5242 -31.0847
51.5242 -31.0847 48.8149 -33.5855
48.8149 -33.5855 52.3455 -35.8618
49.1044 -24.992 45.0697 -26.7373
45.0697 -26.7373 38.6456 -29.6462
38.6456 -29.6462 39.9278 -31.6304
38.6456 -29.6462 34.9222 -32.2133
38.6456 -29.6462 37.5156 -24.5031
34.9222 -32.2133 30.4117 -36.4921
30.4117 -36.4921 28.2752 -35.5699
28.2752 -35.5699 26.3527 -34.1131
39.9278 -31.6304 40.047 -39.1719
-53.1761 -74.5679 -50.5949 -81.8509
-50.5949 -81.8509 -49.2155 -84.3474
-49.2155 -84.3474 -51.1954 -91.3684
11.0905 -19.4433 14.8662 -26.2432
14.8662 -26.2432 14.3783 -29.5879
14.3783 -29.5879 14.6366 -33.8483
14.6366 -33.8483 15.3552 -34.5545
14.6366 -33.8483 12.7967 -34.9475
12.7967 -34.9475 7.30565 -34.0842
7.30565 -34.0842 7.19127 -33.4143
7.19127 -33.4143 4.56154 -31.2365
4.56154 -31.2365 2.57854 -27.2767
-85.2299 -25.3281 -93.0058 -26.2782
-93.0058 -26.2782 -95.4647 -29.9264
41.8399 78.1013 49.3358 80.6602
49.3358 80.6602 52.1235 79.5828
52.1235 79.5828 52.1465 77.1948
49.3358 80.6602 48.916 83.8237
48.916 83.8237 48.0954 91.643
48.0954 91.643 50.6712 96.5101
48.0954 91.643 42.1953 92.5851
42.1953 92.5851 38.0332 95.0914
38.0332 95.0914 34.2159 94.8934
38.0332 95.0914 41.8139 97.9877
34.2159 94.8934 28.6443 96.2578
50.6712 96.5101 55.9207 91.2315
55.9207 91.2315 59.5745 94.0598
59.5745 94.0598 62.9404 95.6912
62.9404 95.6912 66.1338 95.08
66.1338 95.08 67.6203 90.8057
67.6203 90.8057 64.0184 89.4061
67.6203 90.8057 72.0143 90.7183
72.0143 90.7183 73.8027 90.9303
73.8027 90.9303 77.097 93.5335
77.097 93.5335 80.4608 90.8583
80.4608 90.8583 83.7205 87.3007
83.7205 87.3007 88.0326 88.9506
88.0326 88.9506 89.1926 88.9621
89.1926 88.9621 89.9556 87.8632
80.4608 90.8583 77.0972 87.3854
77.0972 87.3854 78.0037 83.3268
78.0037 83.3268 80.1888 79.976
80.1888 79.976 80.2436 79.5314
80.2436 79.5314 81.002 76.6395
81.002 76.6395 83.2988 74.4762
83.2988 74.4762 82.1388 72.8496
64.0184 89.4061 64.2355 84.0505
89.9556 87.8632 94.0173 83.5695
94.0173 83.5695 90.0546 81.4513
78.0037 83.3268 72.0073 81.7899
72.0073 81.7899 71.7022 83.5954
72.0073 81.7899 68.4079 78.1475
68.4079 78.1475 63.0517 77.1381
63.0517 77.1381 58.0189 71.7157
58.0189 71.7157 63.4634 68.8403
83.2988 74.4762 90.4862 71.7532
90.4862 71.7532 92.223 69.5775
92.223 69.5775 89.8902 66.4307
67.0069 -33.4723 72.3935 -39.3337
72.3935 -39.3337 74.2451 -44.597
74.2451 -44.597 76.68 -46.3334
76.68 -46.3334 79.0109 -47.4517
79.0109 -47.4517 80.7226 -44.8563
74.2451 -44.597 71.3944 -46.4223
80.7226 -44.8563 82.6004 -40.1578
82.6004 -40.1578 82.8736 -33.7417
82.8736 -33.7417 83.4047 -31.3407
83.4047 -31.3407 83.1743 -31.2654
83.1743 -31.2654 78.4298 -29.3747
79.0109 -47.4517 79.9042 -53.9461
79.9042 -53.9461 81.7844 -56.9503
79.9042 -53.9461 72.2859 -54.2798
72.2859 -54.2798 67.832 -56.9106
67.832 -56.9106 64.7159 -59.2148
64.7159 -59.2148 62.666 -58.3101
64.7159 -59.2148 67.1994 -60.7644
62.666 -58.3101 60.265 -60.8168
60.265 -60.8168 58.2281 -60.4199
58.2281 -60.4199 56.4579 -60.608
56.4579 -60.608 57.5414 -63.9184
62.666 -58.3101 63.5892 -54.8461
63.5892 -54.8461 64.4601 -52.4507
64.4601 -52.4507 62.4007 -52.0422
62.4007 -52.0422 62.3706 -52.1063
56.4579 -60.608 53.0418 -62.0756
56.4579 -60.608 56.4949 -56.518
57.5414 -63.9184 61.662 -67.6759
61.662 -67.6759 59.7287 -71.3404
59.7287 -71.3404 57.6349 -73.1331
59.7287 -71.3404 64.0252 -71.8426
64.0252 -71.8426 66.7364 -69.9377
66.7364 -69.9377 69.1151 -70.4934
64.0252 -71.8426 62.6469 -75.2554
69.1151 -70.4934 72.0451 -67.6625
72.0451 -67.6625 73.2684 -69.9535
57.6349 -73.1331 55.7351 -69.2446
62.6469 -75.2554 67.2751 -76.5524
67.2751 -76.5524 66.6756 -79.0841
62.6469 -75.2554 58.8479 -79.1184
58.8479 -79.1184 53.9974 -77.801
66.6756 -79.0841 68.2232 -84.549
53.9974 -77.801 51.1567 -82.9496
51.1567 -82.9496 54.1188 -86.9545
54.1188 -86.9545 53.1064 -88.773
53.1064 -88.773 54.0409 -89.9832
54.0409 -89.9832 53.413 -91.7159
53.413 -91.7159 51.5143 -93.4086
51.5143 -93.4086 52.7098 -94.8179
54.0409 -89.9832 58.7951 -90.5496
58.7951 -90.5496 63.2079 -90.5878
66.6756 -79.0841 72.6721 -79.5064
72.6721 -79.5064 76.7622 -79.1805
76.7622 -79.1805 78.5331 -74.3925
78.5331 -74.3925 81.3414 -69.9258
76.7622 -79.1805 81.9239 -81.3196
76.7622 -79.1805 76.9414 -85.4628
76.9414 -85.4628 80.4505 -90.5628
72.2859 -54.2798 74.3653 -60.507
53.0418 -62.0756 46.5197 -59.4072
46.5197 -59.4072 46.1357 -65.5997
81.3414 -69.9258 88.4213 -69.8548
88.4213 -69.8548 90.5699 -70.794
90.5699 -70.794 89.2089 -73.1922
89.2089 -73.1922 88.4139 -74.0781
88.4139 -74.0781 91.1031 -79.826
91.1031 -79.826 91.0068 -80.8047
91.0068 -80.8047 89.005 -83.9278
63.2079 -90.5878 61.0987 -97.5077
90.5699 -70.794 96.0735 -66.0583
96.0735 -66.0583 97.0862 -66.5429
97.0862 -66.5429 97.1579 -67.4574
97.1579 -67.4574 98.5731 -67.3163
97.1579 -67.4574 97.8725 -72.161
96.0735 -66.0583 94.8696 -59.5036
94.8696 -59.5036 95.1762 -52.3961
95.1762 -52.3961 96.5761 -52.3078
95.1762 -52.3961 89.4343 -48.4677
89.005 -83.9278 96.2337 -86.7853
83.1743 -31.2654 85.7055 -23.8745
85.7055 -23.8745 84.5943 -23.2566
85.7055 -23.8745 89.509 -22.2354
89.509 -22.2354 90.9069 -20.1495
90.9069 -20.1495 93.3819 -19.2838
89.509 -22.2354 92.0919 -26.6961
93.3819 -19.2838 98.0416 -21.6955
93.3819 -19.2838 96.4336 -12.1699
90.9069 -20.1495 87.3734 -13.2125
87.3734 -13.2125 86.3349 -9.53997
86.3349 -9.53997 87.3217 -2.59042
87.3217 -2.59042 86.5749 -0.757178
86.5749 -0.757178 89.5411 3.02292
87.3217 -2.59042 92.219 -2.29709
92.219 -2.29709 92.2872 -4.60966
89.5411 3.02292 95.7636 2.96223
95.7636 2.96223 98.8839 9.36263
-14.3171 21.8638 -7.38826 17.8838
-7.38826 17.8838 -3.84968 12.8226
-7.38826 17.8838 -5.36159 24.7859
-3.84968 12.8226 3.05809 9.96274
3.05809 9.96274 6.28546 14.8721
-45.8597 -56.2751 -37.8738 -56.8861
-75.3111 66.2193 -70.6657 59.6901
-70.6657 59.6901 -71.4118 59.0895
-60.2499 -82.1318 -62.974 -89.6771
-62.974 -89.6771 -65.5587 -92.9984
-65.5587 -92.9984 -65.6542 -93.0661
-65.5587 -92.9984 -61.4707 -93.749
-61.4707 -93.749 -58.4501 -94.7999
-65.6542 -93.0661 -64.9084 -98.8684
-65.6542 -93.0661 -72.2625 -89.6252
-72.2625 -89.6252 -73.9802 -91.3186
-73.9802 -91.3186 -78.5639 -92.9881
-78.5639 -92.9881 -77.0941 -96.3498
-77.0941 -96.3498 -79.8236 -97.1062
-77.0941 -96.3498 -73.9645 -99.1596
-79.8236 -97.1062 -84.0166 -99.1492
-84.0166 -99.1492 -85.8819 -99.593
-85.8819 -99.593 -86.6316 -98.4604
-86.6316 -98.4604 -88.1606 -98.9637
-88.1606 -98.9637 -88.2655 -97.7977
-88.1606 -98.9637 -93.668 -99.6056
-78.5639 -92.9881 -84.3572 -92.4634
-71.7317 36.6513 -78.0538 31.3758
68.4079 78.1475 73.5568 71.6549
73.5568 71.6549 72.1657 63.8313
-18.65 51.7398 -26.9323 51.2821
-26.9323 51.2821 -30.8219 48.6283
-30.8219 48.6283 -33.0211 45.9024
-33.0211 45.9024 -33.5117 46.0302
-33.0211 45.9024 -30.9622 45.1244
-30.9622 45.1244 -26.8712 46.0745
63.2079 -90.5878 71.0165 -93.5461
71.0165 -93.5461 71.6233 -94.1528
71.6233 -94.1528 71.3752 -95.519
71.3752 -95.519 74.0777 -97.1014
-90.3471 -84.2118 -98.4188 -81.7294
-80.6923 -31.2773 -88.1634 -35.4186
89.4343 -48.4677 93.5992 -40.8952
93.5992 -40.8952 93.4506 -39.4258
93.4506 -39.4258 96.0282 -36.5976
52.3455 -35.8618 54.1234 -44.4186
54.1234 -44.4186 59.2583 -43.8222
-17.5579 -29.6262 -9.42337 -32.8789
-9.42337 -32.8789 -6.94199 -34.6609
-96.7851 -59.2173 -93.992 -50.9011
90.883 40.4413 86.3059 47.9455
84.5943 -23.2566 77.1297 -17.9374
77.1297 -17.9374 75.3131 -17.1943
-56.2404 48.0308 -65.7241 48.6548
-65.7241 48.6548 -67.0801 50.0342
2.69979 86.6011 -0.466127 95.6101
-0.466127 95.6101 -0.0453702 98.9322
-85.2299 -25.3281 -79.5485 -17.4328
-79.5485 -17.4328 -79.5521 -15.6995
-79.5521 -15.6995 -80.1335 -14.6332
-80.1335 -14.6332 -88.1908 -11.7221
-88.1908 -11.7221 -89.4167 -10.7051
-95.4647 -29.9264 -98.5325 -39.5618
94.0173 83.5695 99.8184 92.3841
96.2337 -86.7853 96.6472 -97.7368
96.6472 -97.7368 94.4955 -99.9987
99.046 39.6771 99.658 51.9395