-8.961535940616344 -73.27754978940293 -8.93854 -72.9781
-8.26997 -73.6924 -8.961535940616344 -73.27754978940293
-12.158826209670734 -75.19416614360071 -8.961535940616344 -73.27754978940293
-8.96016 -69.1535 -8.93854 -72.9781
-12.0732 -79.2498 -12.158826209670734 -75.19416614360071
-12.127482052632258 -80.47410748501234 -12.0732 -79.2498
-10.9758 -81.2713 -12.127482052632258 -80.47410748501234
-15.6819 -73.1819 -12.158826209670734 -75.19416614360071
-18.92919105420532 -74.29715858150117 -15.6819 -73.1819
-19.0406 -74.9924 -18.92919105420532 -74.29715858150117
-21.499921567239696 -72.0364153091146 -18.92919105420532 -74.29715858150117
-22.6174 -72.3996 -21.499921567239696 -72.0364153091146
-20.77896652593317 -68.42097099873433 -21.499921567239696 -72.0364153091146
-18.1885 -67.5144 -20.77896652593317 -68.42097099873433
-15.2309 -65.7213 -18.1885 -67.5144
-13.6183 -64.8051 -15.2309 -65.7213
-23.9147 -65.5083 -20.77896652593317 -68.42097099873433
-25.0757 -65.4146 -23.9147 -65.5083
-26.890995155725026 -66.34629203154427 -25.0757 -65.4146
-26.9322 -67.5603 -26.890995155725026 -66.34629203154427
-29.4668 -64.7413 -26.890995155725026 -66.34629203154427
-30.8257 -61.6032 -29.4668 -64.7413
-31.1207 -61.4488 -30.8257 -61.6032
-6.66628 -83.0679 -10.9758 -81.2713
-4.47184 -84.6356 -6.66628 -83.0679
-4.324909610972707 -85.77153322899946 -4.47184 -84.6356
-4.73838 -86.067 -4.324909610972707 -85.77153322899946
-3.04263 -86.3371 -4.324909610972707 -85.77153322899946
0.191249 -86.7068 -3.04263 -86.3371
-16.3669 -82.6788 -12.127482052632258 -80.47410748501234
-18.3645 -83.9356 -16.3669 -82.6788
-19.333441828119096 -85.35807279481917 -18.3645 -83.9356
-18.34479539579769 -87.31920175605896 -19.333441828119096 -85.35807279481917
-17.635 -87.3409 -18.34479539579769 -87.31920175605896
-19.9434 -89.9803 -18.34479539579769 -87.31920175605896
-23.1716 -85.2502 -19.333441828119096 -85.35807279481917
-23.679434607211654 -85.00483441351132 -23.1716 -85.2502
-24.209 -85.429 -23.679434607211654 -85.00483441351132
-23.9098 -83.7172 -23.679434607211654 -85.00483441351132
-25.557349940966976 -83.21292116263774 -23.9098 -83.7172
-26.5634 -84.1939 -25.557349940966976 -83.21292116263774
-24.8259 -87.0736 -24.209 -85.429
-27.386939097141504 -87.80548444198227 -24.8259 -87.0736
-27.4235 -87.772 -27.386939097141504 -87.80548444198227
-28.084653551771574 -90.95654115852781 -27.386939097141504 -87.80548444198227
-31.3021 -92.0673 -28.084653551771574 -90.95654115852781
-32.19046401860634 -92.37206710090943 -31.3021 -92.0673
-34.3532 -90.5071 -32.19046401860634 -92.37206710090943
-33.089434102105585 -96.27086524991958 -32.19046401860634 -92.37206710090943
-34.5001 -96.6512 -33.089434102105585 -96.27086524991958
-30.403990281210547 -98.94798479993023 -33.089434102105585 -96.27086524991958
-30.7137 -99.9449 -30.403990281210547 -98.94798479993023
-29.3151 -98.6779 -30.403990281210547 -98.94798479993023
-26.5616 -79.2565 -25.557349940966976 -83.21292116263774
-26.56386832038318 -79.24033076782901 -26.5616 -79.2565
-26.2876 -78.963 -26.56386832038318 -79.24033076782901
-27.8065 -78.8875 -26.56386832038318 -79.24033076782901
-24.9126 -93.5322 -28.084653551771574 -90.95654115852781
-22.5234 -97.7714 -24.9126 -93.5322
-8.343565181090817 -90.75506792692867 -4.73838 -86.067
-9.79797 -90.6555 -8.343565181090817 -90.75506792692867
-10.3535 -91.1047 -9.79797 -90.6555
-6.72979 -95.046 -8.343565181090817 -90.75506792692867
-6.652008120726373 -95.24561915938108 -6.72979 -95.046
-3.7316839824409422 -95.67321250297579 -6.652008120726373 -95.24561915938108
-3.56012 -96.1967 -3.7316839824409422 -95.67321250297579
-3.25537 -95.1415 -3.7316839824409422 -95.67321250297579
-2.06966 -94.1289 -3.25537 -95.1415
-9.44876 -98.8711 -6.652008120726373 -95.24561915938108
2.810875435168037 -95.33635499426902 -2.06966 -94.1289
4.41269 -93.6687 2.810875435168037 -95.33635499426902
5.94004 -93.0856 4.41269 -93.6687
6.937625530479949 -92.35325861824205 5.94004 -93.0856
3.69568 -98.7317 2.810875435168037 -95.33635499426902
7.00504 -88.1979 6.937625530479949 -92.35325861824205
10.7604 -94.6392 6.937625530479949 -92.35325861824205
-9.17868 -60.5453 -13.6183 -64.8051
-7.041614396448217 -58.54227604884019 -9.17868 -60.5453
-7.848062703189061 -55.13303254920993 -7.041614396448217 -58.54227604884019
-6.1003 -53.4785 -7.848062703189061 -55.13303254920993
-10.4372 -54.4475 -7.848062703189061 -55.13303254920993
-2.42899 -60.0873 -7.041614396448217 -58.54227604884019
-3.856190582298293 -48.6750502172692 -6.1003 -53.4785
-2.9447 -48.5976 -3.856190582298293 -48.6750502172692
-5.41234 -46.4123 -3.856190582298293 -48.6750502172692
-9.07414 -46.3984 -5.41234 -46.4123
-9.871937329229246 -45.66364220423728 -9.07414 -46.3984
-9.64485 -44.6705 -9.871937329229246 -45.66364220423728
-14.8913280950421 -47.174334034013015 -9.871937329229246 -45.66364220423728
-15.1328 -48.1972 -14.8913280950421 -47.174334034013015
-17.1413 -45.0824 -14.8913280950421 -47.174334034013015
-18.2747 -45.0263 -17.1413 -45.0824
-23.801035613388315 -46.046722082345774 -18.2747 -45.0263
-24.3268 -47.6443 -23.801035613388315 -46.046722082345774
-25.6181 -43.9422 -23.801035613388315 -46.046722082345774
-28.4949 -41.3913 -25.6181 -43.9422
-30.1391 -39.7912 -28.4949 -41.3913
-31.524501417666816 -37.107538229103355 -30.1391 -39.7912
-33.2433 -37.0793 -31.524501417666816 -37.107538229103355
-35.35340736490122 -37.99409260686164 -33.2433 -37.0793
-35.8761 -37.6025 -35.35340736490122 -37.99409260686164
-35.8512 -42.1441 -35.35340736490122 -37.99409260686164
-35.8777 -42.2691 -35.8512 -42.1441
-29.1347 -33.286 -31.524501417666816 -37.107538229103355
-39.7074 -44.7213 -35.8777 -42.2691
-43.193 -46.1571 -39.7074 -44.7213
-31.6535 -28.4871 -29.1347 -33.286
3.17514 -60.9992 -2.42899 -60.0873
4.313178409424713 -60.73021469976837 3.17514 -60.9992
4.61449 -61.0642 4.313178409424713 -60.73021469976837
6.18612 -63.6038 4.61449 -61.0642
5.48782 -56.7228 4.313178409424713 -60.73021469976837
6.490393918752308 -55.35967489802528 5.48782 -56.7228
8.396503100460368 -55.63218303498945 6.490393918752308 -55.35967489802528
5.53783 -53.1978 6.490393918752308 -55.35967489802528
9.87462 -53.7864 8.396503100460368 -55.63218303498945
9.39497 -58.0875 8.396503100460368 -55.63218303498945
11.9245 -61.1099 9.39497 -58.0875
13.599036350387617 -61.85226103440904 11.9245 -61.1099
15.1358 -60.7385 13.599036350387617 -61.85226103440904
16.517787559849715 -59.879114228239665 15.1358 -60.7385
16.4234 -57.7315 16.517787559849715 -59.879114228239665
13.8907 -64.0424 13.599036350387617 -61.85226103440904
19.3895 -61.3705 16.517787559849715 -59.879114228239665
21.2219 -64.38 19.3895 -61.3705
22.5632 -64.4424 21.2219 -64.38
10.7137 -66.7297 13.8907 -64.0424
13.6397 -50.3121 9.87462 -53.7864
14.067452658965014 -50.03266196714708 13.6397 -50.3121
13.9856 -48.4325 14.067452658965014 -50.03266196714708
13.93443591128979 -47.63738104718696 13.9856 -48.4325
15.7967 -46.461 13.93443591128979 -47.63738104718696
11.5577 -46.4165 13.93443591128979 -47.63738104718696
8.64259167688403 -43.44974181551684 11.5577 -46.4165
8.74316 -43.1036 8.64259167688403 -43.44974181551684
6.09791 -43.9793 8.64259167688403 -43.44974181551684
2.88693 -42.1368 6.09791 -43.9793
-0.500479 -41.96 2.88693 -42.1368
17.9416 -52.3566 14.067452658965014 -50.03266196714708
19.4952 -52.9195 17.9416 -52.3566
18.7974 -69.1718 21.2219 -64.38
25.8538 -60.0486 22.5632 -64.4424
28.459429167902726 -59.867205263927566 25.8538 -60.0486
29.6309 -61.6658 28.459429167902726 -59.867205263927566
32.8003528532348 -64.61116216436699 29.6309 -61.6658
33.6547 -64.3696 32.8003528532348 -64.61116216436699
31.958528553176038 -68.4390638966518 32.8003528532348 -64.61116216436699
30.1868 -68.9957 31.958528553176038 -68.4390638966518
27.76983877432511 -71.54558731287285 30.1868 -68.9957
28.3344 -73.1773 27.76983877432511 -71.54558731287285
25.5414 -71.2298 27.76983877432511 -71.54558731287285
30.5244 -55.6665 28.459429167902726 -59.867205263927566
33.00705133118154 -53.46094624622762 30.5244 -55.6665
35.362666120585395 -54.23096256168907 33.00705133118154 -53.46094624622762
36.7892 -53.0648 35.362666120585395 -54.23096256168907
35.7729 -56.2082 35.362666120585395 -54.23096256168907
32.3189 -50.1672 33.00705133118154 -53.46094624622762
31.742799183006724 -49.10463154708938 32.3189 -50.1672
31.9511 -48.7063 31.742799183006724 -49.10463154708938
37.9311 -59.7826 35.7729 -56.2082
26.5686 -49.1845 31.742799183006724 -49.10463154708938
-32.10007363541529 -22.487929831308044 -31.6535 -28.4871
-31.6661 -22.1913 -32.10007363541529 -22.487929831308044
-34.8331 -21.111 -32.10007363541529 -22.487929831308044
-27.56484596433663 -19.93699814523724 -31.6661 -22.1913
-27.5885 -19.2585 -27.56484596433663 -19.93699814523724
-27.6307292947401 -14.8035322330713 -27.5885 -19.2585
-25.9547 -13.8304 -27.6307292947401 -14.8035322330713
-30.181892731269045 -13.351340583381626 -27.6307292947401 -14.8035322330713
-30.1686 -12.9249 -30.181892731269045 -13.351340583381626
-32.9309 -14.8475 -30.181892731269045 -13.351340583381626
-22.4338 -10.6268 -25.9547 -13.8304
-21.65077630104339 -7.012940996249715 -22.4338 -10.6268
-19.6891 -6.35814 -21.65077630104339 -7.012940996249715
-14.1517 -5.13597 -19.6891 -6.35814
-26.0248 -2.94545 -21.65077630104339 -7.012940996249715
-27.045641227585186 -1.9288764122075417 -26.0248 -2.94545
-28.9495 -2.45756 -27.045641227585186 -1.9288764122075417
-32.28979613397154 -4.200397251300714 -28.9495 -2.45756
-33.3152 -3.55458 -32.28979613397154 -4.200397251300714
-32.3095 -5.93397 -32.28979613397154 -4.200397251300714
-34.8093 -2.54479 -33.3152 -3.55458
-36.2901 -1.55852 -34.8093 -2.54479
-36.892943330434186 0.07606687289426173 -36.2901 -1.55852
-36.1934 0.904579 -36.892943330434186 0.07606687289426173
-39.760947302783336 0.5750206479819111 -36.892943330434186 0.07606687289426173
-40.1525 1.62745 -39.760947302783336 0.5750206479819111
-41.0061 -0.868216 -39.760947302783336 0.5750206479819111
-41.10349287472965 4.028979511134755 -40.1525 1.62745
-44.5604 4.44293 -41.10349287472965 4.028979511134755
-47.1733 3.30629 -44.5604 4.44293
-38.772 7.00231 -41.10349287472965 4.028979511134755
-38.113470957626824 7.672711959189832 -38.772 7.00231
-38.62500823480668 9.4591683758276 -38.113470957626824 7.672711959189832
-40.7779 9.98944 -38.62500823480668 9.4591683758276
-36.7985 11.3672 -38.62500823480668 9.4591683758276
-41.866993112657 12.54130392862526 -40.7779 9.98944
-41.194 13.4202 -41.866993112657 12.54130392862526
-35.3142 6.97524 -38.113470957626824 7.672711959189832
-46.2829 13.138 -41.866993112657 12.54130392862526
-47.0517 13.5653 -46.2829 13.138
-33.57894429231573 14.969194948105061 -36.7985 11.3672
-33.765 15.5552 -33.57894429231573 14.969194948105061
-33.7435 18.3788 -33.765 15.5552
-33.779114006753694 18.655060973893246 -33.7435 18.3788
-36.2444 19.6433 -33.779114006753694 18.655060973893246
-37.0378 19.235 -36.2444 19.6433
-29.7808 14.1356 -33.57894429231573 14.969194948105061
-30.5017 21.2003 -33.779114006753694 18.655060973893246
-29.35206680928384 23.314357664974843 -30.5017 21.2003
-29.6251 23.8244 -29.35206680928384 23.314357664974843
-28.7332 23.3126 -29.35206680928384 23.314357664974843
-26.3595 17.1349 -29.7808 14.1356
-24.088500700799752 23.167625339274487 -28.7332 23.3126
-23.5486 22.1461 -24.088500700799752 23.167625339274487
-22.5728953367968 25.664110926693983 -24.088500700799752 23.167625339274487
-20.6689 25.5997 -22.5728953367968 25.664110926693983
-24.517584690371354 29.16250075108704 -22.5728953367968 25.664110926693983
-26.0757 29.1311 -24.517584690371354 29.16250075108704
-23.5174 30.9258 -24.517584690371354 29.16250075108704
-23.3087 31.7731 -23.5174 30.9258
-22.6585 33.7809 -23.3087 31.7731
-21.82168742782109 35.09342359313759 -22.6585 33.7809
-22.4549 36.2692 -21.82168742782109 35.09342359313759
-19.838847079894006 35.01733161488634 -21.82168742782109 35.09342359313759
-19.6504 34.6074 -19.838847079894006 35.01733161488634
-18.1443 37.8268 -19.838847079894006 35.01733161488634
-18.1859 40.035 -18.1443 37.8268
-28.74054459691772 31.471557572300934 -26.0757 29.1311
-29.7802 31.1303 -28.74054459691772 31.471557572300934
-28.3519 33.379 -28.74054459691772 31.471557572300934
-27.52 36.2398 -28.3519 33.379
-26.596 37.7701 -27.52 36.2398
-18.6046 43.7081 -18.1859 40.035
-16.9799 44.9927 -18.6046 43.7081
-16.4553 45.467 -16.9799 44.9927
-14.8996 48.2678 -16.4553 45.467
-15.278792187325637 49.678434830489664 -14.8996 48.2678
-16.5085 50.0208 -15.278792187325637 49.678434830489664
-14.2727 50.6632 -15.278792187325637 49.678434830489664
-18.65 51.7398 -16.5085 50.0208
-13.2143 54.6405 -14.2727 50.6632
-11.4358 55.5446 -13.2143 54.6405
-11.226490823261816 55.575651444480734 -11.4358 55.5446
-11.1974 55.6438 -11.226490823261816 55.575651444480734
-10.5621 54.6809 -11.226490823261816 55.575651444480734
-8.21725 50.105 -10.5621 54.6809
-5.36193 47.6325 -8.21725 50.105
-2.42175 46.1811 -5.36193 47.6325
0.8185119169303448 44.6815162343193 -2.42175 46.1811
2.1651 45.6906 0.8185119169303448 44.6815162343193
1.037149627138682 41.9321549101005 0.8185119169303448 44.6815162343193
1.8195 41.5652 1.037149627138682 41.9321549101005
-2.6301 39.3991 1.037149627138682 41.9321549101005
-5.21558 36.7819 -2.6301 39.3991
-9.09057 35.2131 -5.21558 36.7819
-10.5017 36.4382 -9.09057 35.2131
-11.3831 36.1113 -10.5017 36.4382
6.402012889661337 48.264772449867074 2.1651 45.6906
7.25335 47.7917 6.402012889661337 48.264772449867074
6.506322444885095 52.15037062941804 6.402012889661337 48.264772449867074
8.21161 53.0397 6.506322444885095 52.15037062941804
9.69637 54.2638 8.21161 53.0397
4.065155346660846 53.678885795820584 6.506322444885095 52.15037062941804
1.9783437130066224 52.720523591494214 4.065155346660846 53.678885795820584
1.95054 52.4349 1.9783437130066224 52.720523591494214
4.24519 57.0156 4.065155346660846 53.678885795820584
10.7037 46.0006 7.25335 47.7917
-1.283241407131088 55.006844898394306 1.9783437130066224 52.720523591494214
-1.13557 55.7855 -1.283241407131088 55.006844898394306
-2.66377 54.4061 -1.283241407131088 55.006844898394306
15.649493221838643 45.190131530843 10.7037 46.0006
16.1939 43.8409 15.649493221838643 45.190131530843
15.9152 42.6559 16.1939 43.8409
13.868 38.1863 15.9152 42.6559
13.12633597685415 34.63705054215804 13.868 38.1863
14.3165 33.5931 13.12633597685415 34.63705054215804
16.7365 31.9027 14.3165 33.5931
16.771169374217198 29.488354410342552 16.7365 31.9027
17.3587 29.1603 16.771169374217198 29.488354410342552
14.8015 28.318 16.771169374217198 29.488354410342552
9.74726 33.4099 13.12633597685415 34.63705054215804
12.323434415748597 25.66882259035296 14.8015 28.318
8.92805 26.3685 12.323434415748597 25.66882259035296
13.5501 21.5711 12.323434415748597 25.66882259035296
3.28819 62.369 4.24519 57.0156
-25.618 3.3915 -27.045641227585186 -1.9288764122075417
-25.771591299646722 5.1592348359605085 -25.618 3.3915
-26.5671 5.57457 -25.771591299646722 5.1592348359605085
-27.0741 5.48406 -26.5671 5.57457
-23.0084 7.03226 -25.771591299646722 5.1592348359605085
-49.4563 -1.7756 -47.1733 3.30629
-53.7199 -4.9685 -49.4563 -1.7756
-55.1433 -6.11223 -53.7199 -4.9685
-56.3225781093456 -6.258362446727603 -55.1433 -6.11223
-57.819307241867435 -4.457752301009916 -56.3225781093456 -6.258362446727603
-59.3499 -4.71364 -57.819307241867435 -4.457752301009916
-56.7509 -1.34905 -57.819307241867435 -4.457752301009916
-57.7159 -9.56525 -56.3225781093456 -6.258362446727603
-58.58669771570014 -12.877499949321779 -57.7159 -9.56525
-59.3683 -13.0994 -58.58669771570014 -12.877499949321779
-60.2739 -13.8351 -59.3683 -13.0994
-57.2765 -14.1704 -58.58669771570014 -12.877499949321779
-56.45276213831084 -15.658784820112436 -57.2765 -14.1704
-57.3586 -17.1636 -56.45276213831084 -15.658784820112436
-53.205603327910964 -15.69032671261949 -56.45276213831084 -15.658784820112436
-53.1369 -15.8209 -53.205603327910964 -15.69032671261949
-51.5044 -12.8455 -53.205603327910964 -15.69032671261949
-50.5599403939557 -11.077875190847593 -51.5044 -12.8455
-51.9119 -8.98552 -50.5599403939557 -11.077875190847593
-45.9308 -10.8462 -50.5599403939557 -11.077875190847593
-44.6665 -11.5259 -45.9308 -10.8462
-43.2709 -12.8452 -44.6665 -11.5259
-42.0467 -15.6843 -43.2709 -12.8452
-63.879064979875714 -3.2258923358167744 -59.3499 -4.71364
-64.1524 -1.94799 -63.879064979875714 -3.2258923358167744
-65.3013 -4.44526 -63.879064979875714 -3.2258923358167744
-65.03990230107009 -6.132165842582003 -65.3013 -4.44526
-64.3345 -6.41653 -65.03990230107009 -6.132165842582003
-67.6405 -8.23185 -65.03990230107009 -6.132165842582003
-68.8254 -8.39083 -67.6405 -8.23185
-64.8426 1.36132 -64.1524 -1.94799
-67.7161 3.86733 -64.8426 1.36132
-55.8969 3.86064 -56.7509 -1.34905
-54.99738006391706 6.503479050009539 -55.8969 3.86064
-52.4386 6.99038 -54.99738006391706 6.503479050009539
-56.8348 8.80454 -54.99738006391706 6.503479050009539
-59.6766 8.5649 -56.8348 8.80454
-62.05630877677178 9.647164215479592 -59.6766 8.5649
-63.3885 8.74269 -62.05630877677178 9.647164215479592
-56.6569 -22.6465 -57.3586 -17.1636
-56.67362087137904 -23.5756234877557 -56.6569 -22.6465
-60.05990999031326 -25.425665674656962 -56.67362087137904 -23.5756234877557
-63.1286 -23.5601 -60.05990999031326 -25.425665674656962
-64.126777058613 -23.58334384436723 -63.1286 -23.5601
-65.1992 -25.5683 -64.126777058613 -23.58334384436723
-53.2617 -25.7069 -56.67362087137904 -23.5756234877557
-60.1999 -30.0435 -60.05990999031326 -25.425665674656962
-70.02531634656353 -26.362386562689498 -65.1992 -25.5683
-70.7114 -28.274 -70.02531634656353 -26.362386562689498
-72.0326 -23.9799 -70.02531634656353 -26.362386562689498
-71.0205 -33.1386 -70.7114 -28.274
-70.38166495942573 -34.72102350213378 -71.0205 -33.1386
-72.38670878170863 -37.275971736856 -70.38166495942573 -34.72102350213378
-71.6728 -39.4531 -72.38670878170863 -37.275971736856
-74.8156 -37.0785 -72.38670878170863 -37.275971736856
-78.52507884417305 -38.47337722776349 -74.8156 -37.0785
-79.2405 -37.9662 -78.52507884417305 -38.47337722776349
-81.77929186044753 -34.49325850266335 -79.2405 -37.9662
-80.6923 -31.2773 -81.77929186044753 -34.49325850266335
-64.8841 -35.6156 -70.38166495942573 -34.72102350213378
-18.5127 10.3982 -23.0084 7.03226
-15.4895 13.2365 -18.5127 10.3982
-62.5731 15.5168 -62.05630877677178 9.647164215479592
17.6375 17.2782 13.5501 21.5711
17.402215940843153 13.784827638998207 17.6375 17.2782
15.1305 12.6979 17.402215940843153 13.784827638998207
22.2221 10.3659 17.402215940843153 13.784827638998207
22.394204737520525 8.686867830091654 22.2221 10.3659
22.4729 8.64502 22.394204737520525 8.686867830091654
19.7677 6.78097 22.394204737520525 8.686867830091654
17.6238 5.70965 19.7677 6.78097
17.31032937440907 5.0643797086413365 17.6238 5.70965
17.4206 4.87774 17.31032937440907 5.0643797086413365
19.3241 3.15829 17.4206 4.87774
21.604 2.7518 19.3241 3.15829
14.3254 4.7569 17.31032937440907 5.0643797086413365
24.69926632132586 2.880722205300372 21.604 2.7518
25.3159 1.90187 24.69926632132586 2.880722205300372
25.9453 5.1858 24.69926632132586 2.880722205300372
30.7838 5.38576 25.9453 5.1858
33.378080663632005 5.13002381201829 30.7838 5.38576
33.6154 4.60377 33.378080663632005 5.13002381201829
36.8744 10.0135 33.378080663632005 5.13002381201829
36.51279920945927 11.509259483556068 36.8744 10.0135
37.859089742916346 12.61651872823278 36.51279920945927 11.509259483556068
37.7974 13.0921 37.859089742916346 12.61651872823278
39.8059 11.8218 37.859089742916346 12.61651872823278
41.451708073344726 10.486729259636965 39.8059 11.8218
41.3639 9.93646 41.451708073344726 10.486729259636965
43.296955341302606 11.244055674333527 41.451708073344726 10.486729259636965
44.186 10.5602 43.296955341302606 11.244055674333527
41.1735 7.53928 41.3639 9.93646
33.5247 12.4612 36.51279920945927 11.509259483556068
43.7788 14.3469 43.296955341302606 11.244055674333527
46.5774 8.1111 44.186 10.5602
49.2568 8.35925 46.5774 8.1111
50.6674 9.7813 49.2568 8.35925
54.93598036376457 10.459254617021866 50.6674 9.7813
55.3968 9.8957 54.93598036376457 10.459254617021866
56.0183 13.1612 54.93598036376457 10.459254617021866
40.5979 17.5978 43.7788 14.3469
39.30297104665469 22.99464686630535 40.5979 17.5978
41.864 25.3723 39.30297104665469 22.99464686630535
45.0824 25.9087 41.864 25.3723
48.8147 25.3723 45.0824 25.9087
51.5734 26.5114 48.8147 25.3723
34.3296 24.6485 39.30297104665469 22.99464686630535
30.06760595520449 25.938672166302272 34.3296 24.6485
28.878 24.801 30.06760595520449 25.938672166302272
19.4784 49.8662 15.649493221838643 45.190131530843
22.744594216966945 52.27580518467834 19.4784 49.8662
22.4115 55.2835 22.744594216966945 52.27580518467834
22.64967014419803 57.54897597210006 22.4115 55.2835
24.2494 58.3229 22.64967014419803 57.54897597210006
20.4013 59.2076 22.64967014419803 57.54897597210006
17.469000000000143 60.124399999999724 20.4013 59.2076
17.351 60.0064 17.469000000000143 60.124399999999724
16.883060428202395 62.48329386640008 17.469000000000143 60.124399999999724
14.614850264630563 63.13209586024365 16.883060428202395 62.48329386640008
14.5613 63.0814 14.614850264630563 63.13209586024365
14.1858 64.8519 14.614850264630563 63.13209586024365
26.686 50.5881 22.744594216966945 52.27580518467834
28.443912481412212 51.6439437166609 26.686 50.5881
29.0692 51.3253 28.443912481412212 51.6439437166609
28.333 53.2627 28.443912481412212 51.6439437166609
30.944133054866786 48.70745995840287 29.0692 51.3253
31.9391 48.8228 30.944133054866786 48.70745995840287
34.0051 48.7672 31.9391 48.8228
35.15729064074415 50.16469978123607 34.0051 48.7672
34.5478 51.8393 35.15729064074415 50.16469978123607
37.9415 49.687 35.15729064074415 50.16469978123607
39.022124261141705 49.76000691405406 37.9415 49.687
39.9582 51.6492 39.022124261141705 49.76000691405406
30.52834931628928 56.727907834355975 28.333 53.2627
30.2479 57.2474 30.52834931628928 56.727907834355975
29.127875520639208 44.72727137771994 30.944133054866786 48.70745995840287
26.5877 44.4586 29.127875520639208 44.72727137771994
35.0014 56.7703 30.52834931628928 56.727907834355975
20.2343 65.6863 16.883060428202395 62.48329386640008
20.3275 66.2512 20.2343 65.6863
20.4463 66.9889 20.3275 66.2512
22.267382633631904 68.16730372142558 20.4463 66.9889
24.5628 67.169 22.267382633631904 68.16730372142558
26.9239 66.7296 24.5628 67.169
29.1719 66.2815 26.9239 66.7296
21.8936 71.9021 22.267382633631904 68.16730372142558
22.1875 73.3118 21.8936 71.9021
10.4158 67.7491 14.1858 64.8519
41.80303393601352 45.821646451358745 39.022124261141705 49.76000691405406
43.1285 45.9495 41.80303393601352 45.821646451358745
41.0596 44.1896 41.80303393601352 45.821646451358745
32.2355 40.4559 29.127875520639208 44.72727137771994
20.642636735233552 78.8940748082855 22.1875 73.3118
18.8318 79.4489 20.642636735233552 78.8940748082855
22.104 80.3754 20.642636735233552 78.8940748082855
25.620201733638588 81.0547010369952 22.104 80.3754
26.1383 82.7516 25.620201733638588 81.0547010369952
28.4108 78.0644 25.620201733638588 81.0547010369952
34.492140597684866 -1.460962822164316 33.6154 4.60377
36.4098 -2.21137 34.492140597684866 -1.460962822164316
30.562200738534763 -4.617095043502282 34.492140597684866 -1.460962822164316
29.299 -4.04428 30.562200738534763 -4.617095043502282
30.780926820634853 -6.771597626546705 30.562200738534763 -4.617095043502282
31.6129 -7.19343 30.780926820634853 -6.771597626546705
32.2711 -7.91317 31.6129 -7.19343
33.1007 -9.62975 32.2711 -7.91317
34.80697909152818 -11.347898182261439 33.1007 -9.62975
34.5989 -12.1753 34.80697909152818 -11.347898182261439
33.9625 -14.8948 34.5989 -12.1753
33.8179537083013 -15.365040091005973 33.9625 -14.8948
34.9386 -16.6407 33.8179537083013 -15.365040091005973
31.047 -15.9113 33.8179537083013 -15.365040091005973
38.7852 -10.2559 34.80697909152818 -11.347898182261439
27.2642 -9.10432 30.780926820634853 -6.771597626546705
26.647 -16.6516 31.047 -15.9113
22.013623216190595 -19.70756762214153 26.647 -16.6516
22.1989 -22.1849 22.013623216190595 -19.70756762214153
19.1483 -18.296 22.013623216190595 -19.70756762214153
18.43461732016875 -16.825293149259075 19.1483 -18.296
20.6118 -13.4353 18.43461732016875 -16.825293149259075
13.94001758986029 -16.72671246147115 18.43461732016875 -16.825293149259075
13.2394 -15.4799 13.94001758986029 -16.72671246147115
12.9797 -18.2467 13.94001758986029 -16.72671246147115
12.063045325320108 -19.5380033059657 12.9797 -18.2467
11.0905 -19.4433 12.063045325320108 -19.5380033059657
8.52006 -72.4569 10.7137 -66.7297
7.693942475642212 -75.81826969433601 8.52006 -72.4569
5.22466 -76.5126 7.693942475642212 -75.81826969433601
9.903 -77.9736 7.693942475642212 -75.81826969433601
12.2266 -78.1834 9.903 -77.9736
13.966887745702888 -80.26543838019884 12.2266 -78.1834
16.055 -79.9136 13.966887745702888 -80.26543838019884
13.2255 -82.4161 13.966887745702888 -80.26543838019884
0.370749 -74.1914 5.22466 -76.5126
-1.64928 -71.4196 0.370749 -74.1914
36.4993 -72.6356 31.958528553176038 -68.4390638966518
37.6911 -74.9269 36.4993 -72.6356
38.24077689172048 -75.67142955277029 37.6911 -74.9269
40.4943 -75.41 38.24077689172048 -75.67142955277029
36.9703 -78.5847 38.24077689172048 -75.67142955277029
38.4062 -80.4907 36.9703 -78.5847
38.9498193972712 -81.8714459267635 38.4062 -80.4907
41.2923 -82.2015 38.9498193972712 -81.8714459267635
37.44334533035945 -83.7427318016919 38.9498193972712 -81.8714459267635
36.3312 -83.5211 37.44334533035945 -83.7427318016919
38.2221 -87.0933 37.44334533035945 -83.7427318016919
38.28586808445109 -89.60337249819035 38.2221 -87.0933
41.354197950434056 -91.15705229170891 38.28586808445109 -89.60337249819035
42.7176 -90.3596 41.354197950434056 -91.15705229170891
41.39 -95.5833 41.354197950434056 -91.15705229170891
33.9409 -92.4572 38.28586808445109 -89.60337249819035
28.6053 31.9775 30.06760595520449 25.938672166302272
45.0051 -9.86087 38.7852 -10.2559
45.413293996339085 -9.343571015323615 45.0051 -9.86087
45.9904 -9.42238 45.413293996339085 -9.343571015323615
46.6299066524652 -9.22947715721592 45.9904 -9.42238
46.6847 -9.02094 46.6299066524652 -9.22947715721592
45.0469 -8.45351 45.413293996339085 -9.343571015323615
45.7847 -5.10944 45.0469 -8.45351
50.342 -12.6723 46.6299066524652 -9.22947715721592
49.8662642844979 -1.0906685246250831 45.7847 -5.10944
49.6585 -0.303976 49.8662642844979 -1.0906685246250831
13.7264 83.1375 18.8318 79.4489
13.202733692879647 84.55297948310864 13.7264 83.1375
11.7814 84.7779 13.202733692879647 84.55297948310864
9.3861 83.615 11.7814 84.7779
8.840476423142253 82.95858291729512 9.3861 83.615
9.67303 80.4987 8.840476423142253 82.95858291729512
9.48025 77.2703 9.67303 80.4987
15.9725 87.9743 13.202733692879647 84.55297948310864
15.864246850790247 91.4021150869926 15.9725 87.9743
14.68 92.011 15.864246850790247 91.4021150869926
18.3988 93.0144 15.864246850790247 91.4021150869926
10.8617 90.8032 14.68 92.011
4.131836642597676 84.14076829280393 8.840476423142253 82.95858291729512
3.482232828534337 86.42352161228621 4.131836642597676 84.14076829280393
3.88327 86.9386 3.482232828534337 86.42352161228621
2.69979 86.6011 3.482232828534337 86.42352161228621
0.9585357235885886 87.31594221859076 2.69979 86.6011
-1.05195 85.9479 0.9585357235885886 87.31594221859076
2.15524 82.1658 4.131836642597676 84.14076829280393
0.20106720915448215 79.09206470412714 2.15524 82.1658
1.34954 76.5439 0.20106720915448215 79.09206470412714
-2.70586 79.3048 0.20106720915448215 79.09206470412714
2.014577792824184 72.86963374920273 1.34954 76.5439
1.19118 72.172 2.014577792824184 72.86963374920273
3.72577 72.255 2.014577792824184 72.86963374920273
18.528642328141927 97.88481646891908 18.3988 93.0144
16.3655 99.2118 18.528642328141927 97.88481646891908
20.7949 99.1053 18.528642328141927 97.88481646891908
-7.11084 82.7635 -2.70586 79.3048
-16.6478 -55.7896 -10.4372 -54.4475
-67.4934 -18.1714 -64.126777058613 -23.58334384436723
22.7852 22.9003 28.878 24.801
-79.88679491686412 -44.75604593266308 -78.52507884417305 -38.47337722776349
-80.1651 -44.8833 -79.88679491686412 -44.75604593266308
-79.3492 -45.2161 -79.88679491686412 -44.75604593266308
-79.6725 -48.5663 -79.3492 -45.2161
-82.8174 -54.0151 -79.6725 -48.5663
-88.1634 -35.4186 -81.77929186044753 -34.49325850266335
-93.92047765303928 -34.347199205787696 -88.1634 -35.4186
-95.4647 -29.9264 -93.92047765303928 -34.347199205787696
-93.0058 -26.2782 -95.4647 -29.9264
-31.8334 -73.6955 -27.8065 -78.8875
-36.240915600679614 -73.33237431819377 -31.8334 -73.6955
-36.7644 -74.0495 -36.240915600679614 -73.33237431819377
-38.495 -68.9883 -36.240915600679614 -73.33237431819377
-38.858780660768005 -68.1274349325071 -38.495 -68.9883
-37.9345 -66.9914 -38.858780660768005 -68.1274349325071
-40.5956 -67.9452 -38.858780660768005 -68.1274349325071
-42.793920899717655 -67.50178683101768 -40.5956 -67.9452
-43.3335 -68.1307 -42.793920899717655 -67.50178683101768
-43.4345 -65.7546 -42.793920899717655 -67.50178683101768
-47.0708 -64.8383 -43.4345 -65.7546
-48.5627 -63.7682 -47.0708 -64.8383
-49.87128011996368 -64.10184905604476 -48.5627 -63.7682
-51.191219324878695 -62.56212415545367 -49.87128011996368 -64.10184905604476
-52.4284 -62.8245 -51.191219324878695 -62.56212415545367
-50.9146 -67.0631 -49.87128011996368 -64.10184905604476
-49.2677 -57.0681 -51.191219324878695 -62.56212415545367
-45.8597 -56.2751 -49.2677 -57.0681
-54.5023 -71.7641 -50.9146 -67.0631
-55.33885884965881 -72.10864296734674 -54.5023 -71.7641
-55.6687 -71.8579 -55.33885884965881 -72.10864296734674
-55.44466376760676 -73.07104023839526 -55.33885884965881 -72.10864296734674
-55.8722 -73.2887 -55.44466376760676 -73.07104023839526
-53.1761 -74.5679 -55.44466376760676 -73.07104023839526
-61.05272257393219 -76.24738839005146 -55.8722 -73.2887
-62.3448 -75.4986 -61.05272257393219 -76.24738839005146
-61.0695 -79.6643 -61.05272257393219 -76.24738839005146
-60.2499 -82.1318 -61.0695 -79.6643
-65.72098167450854 -73.75855366778256 -62.3448 -75.4986
-67.9834 -75.2302 -65.72098167450854 -73.75855366778256
-70.6672 -77.9436 -67.9834 -75.2302
-74.25222621711299 -77.99624137348405 -70.6672 -77.9436
-75.7993 -80.6268 -74.25222621711299 -77.99624137348405
-77.51427721169239 -81.10204182404703 -75.7993 -80.6268
-78.05739418907369 -83.1075338694223 -77.51427721169239 -81.10204182404703
-78.1708 -83.1522 -78.05739418907369 -83.1075338694223
-77.8761 -83.2907 -78.05739418907369 -83.1075338694223
-75.9101 -75.386 -74.25222621711299 -77.99624137348405
-75.58483171345493 -73.61346180312711 -75.9101 -75.386
-74.7938 -73.3413 -75.58483171345493 -73.61346180312711
-77.85843813172718 -71.36317160327867 -75.58483171345493 -73.61346180312711
-78.5372 -71.5488 -77.85843813172718 -71.36317160327867
-80.0269 -78.4522 -77.51427721169239 -81.10204182404703
-76.7116 -66.9187 -77.85843813172718 -71.36317160327867
-66.1781 -68.5691 -65.72098167450854 -73.75855366778256
-68.0485 -66.8145 -66.1781 -68.5691
-68.26893471510681 -66.71198765984455 -68.0485 -66.8145
-68.4538 -64.6239 -68.26893471510681 -66.71198765984455
-69.1244 -62.5842 -68.4538 -64.6239
-70.1497 -68.084 -68.26893471510681 -66.71198765984455
-70.9014 -61.0516 -69.1244 -62.5842
-71.08400631167179 -58.85110367142515 -70.9014 -61.0516
-69.2791 -57.6962 -71.08400631167179 -58.85110367142515
-68.45938841895034 -57.55071351167972 -69.2791 -57.6962
-67.2127 -59.1694 -68.45938841895034 -57.55071351167972
-67.3922 -54.7728 -68.45938841895034 -57.55071351167972
-66.40055707801291 -53.989170306035646 -67.3922 -54.7728
-66.5461 -53.4265 -66.40055707801291 -53.989170306035646
-64.96388135763353 -54.430378802516515 -66.40055707801291 -53.989170306035646
-64.623 -55.9154 -64.96388135763353 -54.430378802516515
-63.1575 -52.8802 -64.96388135763353 -54.430378802516515
-65.6638 -61.7387 -67.2127 -59.1694
-73.9145 -57.4497 -71.08400631167179 -58.85110367142515
-68.2291 -49.8605 -66.5461 -53.4265
-59.1815 -53.5727 -63.1575 -52.8802
-56.1696 -50.2492 -59.1815 -53.5727
-52.82132545434196 -48.28382327791594 -56.1696 -50.2492
-52.8332 -47.3695 -52.82132545434196 -48.28382327791594
-52.60063255756727 -46.096279645515196 -52.8332 -47.3695
-51.14 -45.5114 -52.60063255756727 -46.096279645515196
-51.3978 -49.0874 -52.82132545434196 -48.28382327791594
-55.3623 -43.9776 -52.60063255756727 -46.096279645515196
-56.28311670255804 -43.30263718392217 -55.3623 -43.9776
-56.0256 -41.5595 -56.28311670255804 -43.30263718392217
-59.237110885085016 -44.480365405402715 -56.28311670255804 -43.30263718392217
-60.1819 -43.7429 -59.237110885085016 -44.480365405402715
-59.5361 -46.6595 -59.237110885085016 -44.480365405402715
-64.716 -44.1014 -60.1819 -43.7429
-66.6986 -45.0186 -64.716 -44.1014
-85.3923 -78.0146 -80.0269 -78.4522
-87.55548867728382 -78.15587074232985 -85.3923 -78.0146
-88.85024085090348 -76.32395011332376 -87.55548867728382 -78.15587074232985
-89.7647 -76.5052 -88.85024085090348 -76.32395011332376
-88.1306 -74.5526 -88.85024085090348 -76.32395011332376
-88.7961 -80.5727 -87.55548867728382 -78.15587074232985
-90.68915877686372 -82.6669924988117 -88.7961 -80.5727
-90.3471 -84.2118 -90.68915877686372 -82.6669924988117
-89.0060511151437 -69.8578100337228 -88.1306 -74.5526
-87.7518 -68.7769 -89.0060511151437 -69.8578100337228
-90.6798 -69.359 -89.0060511151437 -69.8578100337228
-85.3633 -66.0078 -87.7518 -68.7769
-93.7192 -65.8408 -90.6798 -69.359
-68.3461 18.6995 -62.5731 15.5168
-69.6489919008921 18.811274626666112 -68.3461 18.6995
-70.2425 20.0265 -69.6489919008921 18.811274626666112
-70.40113734387748 20.34057800706451 -70.2425 20.0265
-69.9212 21.1279 -70.40113734387748 20.34057800706451
-69.7845 22.963 -69.9212 21.1279
-73.1838 20.4682 -70.40113734387748 20.34057800706451
-74.97481014278787 22.04203570980455 -73.1838 20.4682
-74.8134 22.8251 -74.97481014278787 22.04203570980455
-71.4695 16.0743 -69.6489919008921 18.811274626666112
-71.39822130961379 15.347428046788691 -71.4695 16.0743
-71.3511 15.3276 -71.39822130961379 15.347428046788691
-66.4143 26.8462 -69.7845 22.963
-62.986955810609345 28.42814894389162 -66.4143 26.8462
-61.2491 27.2201 -62.986955810609345 28.42814894389162
-58.66512054173715 27.66176033554332 -61.2491 27.2201
-58.2229 28.8572 -58.66512054173715 27.66176033554332
-57.2906 25.9144 -58.66512054173715 27.66176033554332
-54.8603 30.5909 -58.2229 28.8572
-62.6351 32.9378 -62.986955810609345 28.42814894389162
-66.3035 36.673 -62.6351 32.9378
-68.85800499533057 37.76969670278816 -66.3035 36.673
-69.1139 39.565 -68.85800499533057 37.76969670278816
-70.81593117966352 36.32130886347502 -68.85800499533057 37.76969670278816
-70.8014 36.1487 -70.81593117966352 36.32130886347502
-71.7317 36.6513 -70.81593117966352 36.32130886347502
-52.6334 35.5665 -54.8603 30.5909
-50.8593 39.252 -52.6334 35.5665
-50.536569036294125 39.917721410493755 -50.8593 39.252
-52.0178 41.9639 -50.536569036294125 39.917721410493755
-53.43754268177404 43.85742670052395 -52.0178 41.9639
-53.6209 43.831 -53.43754268177404 43.85742670052395
-52.9346 45.0583 -53.43754268177404 43.85742670052395
-53.49305748215045 47.26844838260441 -52.9346 45.0583
-56.2404 48.0308 -53.49305748215045 47.26844838260441
-47.29033774323623 40.17680079143927 -50.536569036294125 39.917721410493755
-47.2033 40.3535 -47.29033774323623 40.17680079143927
-46.243553691056306 42.048874573407225 -47.2033 40.3535
-44.6706 42.09 -46.243553691056306 42.048874573407225
-47.438504611103845 43.98079818088134 -46.243553691056306 42.048874573407225
-48.1002 43.9494 -47.438504611103845 43.98079818088134
-45.7704 37.919 -47.29033774323623 40.17680079143927
-42.466 36.9121 -45.7704 37.919
-41.29770942833234 33.96217656951828 -42.466 36.9121
-45.7136 47.257 -47.438504611103845 43.98079818088134
-45.336359120321646 47.67783276055833 -45.7136 47.257
-44.8247 47.5609 -45.336359120321646 47.67783276055833
-45.5729 48.4004 -45.336359120321646 47.67783276055833
-50.6541 50.0385 -53.49305748215045 47.26844838260441
-49.52449116037153 53.411285983673324 -50.6541 50.0385
-49.9689 53.8875 -49.52449116037153 53.411285983673324
-47.2508 53.9569 -49.52449116037153 53.411285983673324
-50.87084877763169 57.19236413579759 -49.9689 53.8875
-49.8508 58.2313 -50.87084877763169 57.19236413579759
-53.1531 57.7408 -50.87084877763169 57.19236413579759
-54.793188418246686 59.22910900060618 -53.1531 57.7408
-54.4784 60.726 -54.793188418246686 59.22910900060618
-54.34005287790111 61.230900373697786 -54.4784 60.726
-57.2168 58.556 -54.793188418246686 59.22910900060618
-50.7704 62.2401 -54.34005287790111 61.230900373697786
-37.0602 33.3713 -41.29770942833234 33.96217656951828
-44.0616 30.493 -41.29770942833234 33.96217656951828
-43.5688 56.773 -47.2508 53.9569
-43.5561 58.3965 -43.5688 56.773
-40.87648645408719 60.15561670215624 -43.5561 58.3965
-41.0414 62.7245 -40.87648645408719 60.15561670215624
-38.551074353808865 58.96191680694326 -40.87648645408719 60.15561670215624
-38.4949 59.0029 -38.551074353808865 58.96191680694326
-38.4282 56.4261 -38.551074353808865 58.96191680694326
-40.00709063245372 65.8775198171037 -41.0414 62.7245
-38.7877 66.1366 -40.00709063245372 65.8775198171037
-40.0892 52.0198 -38.4282 56.4261
-58.1881 64.9811 -54.34005287790111 61.230900373697786
-59.99508178374994 67.48946443344936 -58.1881 64.9811
-58.97096310473297 70.1459668751174 -59.99508178374994 67.48946443344936
-57.5681 70.3842 -58.97096310473297 70.1459668751174
-62.9252 67.0208 -59.99508178374994 67.48946443344936
-54.9615 73.111 -57.5681 70.3842
-61.4783 73.2369 -58.97096310473297 70.1459668751174
-61.6313 73.8562 -61.4783 73.2369
-62.0903 76.1568 -61.6313 73.8562
-64.42753875378027 76.97228433352113 -62.0903 76.1568
-65.6827 75.8681 -64.42753875378027 76.97228433352113
-65.0293 80.1182 -64.42753875378027 76.97228433352113
-69.2386169138792 75.75202451025187 -65.6827 75.8681
-70.3219 73.5028 -69.2386169138792 75.75202451025187
-72.7538 70.9066 -70.3219 73.5028
-75.9647 70.8473 -72.7538 70.9066
-76.13630842834671 70.8680459096795 -75.9647 70.8473
-77.3084 68.9062 -76.13630842834671 70.8680459096795
-77.46819276216492 67.97129073823895 -77.3084 68.9062
-77.4801020477096 73.22722156990726 -76.13630842834671 70.8680459096795
-77.9702 73.261 -77.4801020477096 73.22722156990726
-76.8787 74.2568 -77.4801020477096 73.22722156990726
-75.3111 66.2193 -77.46819276216492 67.97129073823895
-81.1597 73.1806 -77.9702 73.261
-82.3941313569293 74.94192562660832 -81.1597 73.1806
-82.0294 75.812 -82.3941313569293 74.94192562660832
-71.83243078511924 79.90010379255429 -69.2386169138792 75.75202451025187
-71.5958 80.3347 -71.83243078511924 79.90010379255429
-72.6012 79.8535 -71.83243078511924 79.90010379255429
-72.93842040365934 83.08639164053963 -71.5958 80.3347
-73.1091 83.0983 -72.93842040365934 83.08639164053963
-70.7609 86.5687 -72.93842040365934 83.08639164053963
-68.9172 89.0501 -70.7609 86.5687
-68.82404900704752 90.07696199040126 -68.9172 89.0501
-70.3697 91.0818 -68.82404900704752 90.07696199040126
-71.7491 91.4631 -70.3697 91.0818
-72.22015227095764 93.1512362122386 -71.7491 91.4631
-73.6107 93.6883 -72.22015227095764 93.1512362122386
-70.79322229659454 94.72523518182048 -72.22015227095764 93.1512362122386
-70.2593 94.6203 -70.79322229659454 94.72523518182048
-72.0064 97.9055 -70.79322229659454 94.72523518182048
-65.1611 91.783 -68.82404900704752 90.07696199040126
-60.384 92.632 -65.1611 91.783
-58.94057556128632 93.93941187407358 -60.384 92.632
-58.5582 93.844 -58.94057556128632 93.93941187407358
-55.978106314887846 92.48603271709044 -58.5582 93.844
-55.9219 92.1912 -55.978106314887846 92.48603271709044
-51.8413 95.4231 -55.978106314887846 92.48603271709044
-87.5563 74.5952 -82.3941313569293 74.94192562660832
-88.5694956217891 75.51251879299014 -87.5563 74.5952
-89.1406 75.3393 -88.5694956217891 75.51251879299014
-92.268 73.5777 -89.1406 75.3393
-95.5498 71.2122 -92.268 73.5777
-87.8871 79.5313 -88.5694956217891 75.51251879299014
-75.8619 12.0649 -71.39822130961379 15.347428046788691
-96.0748 65.5646 -95.5498 71.2122
-95.28357780358945 62.862437299985515 -96.0748 65.5646
-93.6323 62.461 -95.28357780358945 62.862437299985515
-98.67127351955585 58.89220179244142 -95.28357780358945 62.862437299985515
-99.3542 59.0705 -98.67127351955585 58.89220179244142
-60.6697 99.4307 -58.94057556128632 93.93941187407358
-96.79234771179495 53.41826025951905 -98.67127351955585 58.89220179244142
-97.3715 52.7248 -96.79234771179495 53.41826025951905
-94.3754 52.9535 -96.79234771179495 53.41826025951905
-88.9442 55.1761 -94.3754 52.9535
-86.7492530455541 55.46608302605028 -88.9442 55.1761
-85.2978 58.8556 -86.7492530455541 55.46608302605028
-84.5351 52.4688 -86.7492530455541 55.46608302605028
-80.5673 20.1224 -74.97481014278787 22.04203570980455
-85.2576 19.7559 -80.5673 20.1224
-87.4228 19.5913 -85.2576 19.7559
-89.2546 19.8388 -87.4228 19.5913
-91.23007009973125 21.657130033957444 -89.2546 19.8388
-91.1201 22.1983 -91.23007009973125 21.657130033957444
-92.2342 21.3861 -91.23007009973125 21.657130033957444
-93.37532238413777 21.08167295622927 -92.2342 21.3861
-94.7321 17.2032 -93.37532238413777 21.08167295622927
-93.3892 14.331 -94.7321 17.2032
-96.4111 24.2091 -93.37532238413777 21.08167295622927
-97.38581972472645 24.782020389788677 -96.4111 24.2091
-99.8242 23.2701 -97.38581972472645 24.782020389788677
-89.30909873369289 10.671740911118212 -93.3892 14.331
-89.83592126388753 8.098540129196062 -89.30909873369289 10.671740911118212
-91.1251 7.69822 -89.83592126388753 8.098540129196062
-87.9517 6.37204 -89.83592126388753 8.098540129196062
-86.9612 4.99748 -87.9517 6.37204
-86.73364303935483 4.009983159652968 -86.9612 4.99748
-86.9287 3.83497 -86.73364303935483 4.009983159652968
-84.00812867127843 3.119135396441606 -86.73364303935483 4.009983159652968
-81.6933 5.26002 -84.00812867127843 3.119135396441606
-83.4805 -0.0329667 -84.00812867127843 3.119135396441606
-81.8534 -1.20466 -83.4805 -0.0329667
-80.77396022954474 -1.7815412952033474 -81.8534 -1.20466
-80.7985 -3.31461 -80.77396022954474 -1.7815412952033474
-84.8451 12.3118 -89.30909873369289 10.671740911118212
-76.3205 1.0118 -80.77396022954474 -1.7815412952033474
-97.62902690287562 30.74696878738491 -97.38581972472645 24.782020389788677
-96.2168 31.7187 -97.62902690287562 30.74696878738491
-99.6671 31.7228 -97.62902690287562 30.74696878738491
-92.55659139757235 34.24953689622426 -96.2168 31.7187
-92.7265 36.3332 -92.55659139757235 34.24953689622426
-93.61078006634492 40.326064454860635 -92.7265 36.3332
-96.1815 41.3071 -93.61078006634492 40.326064454860635
-88.11221776690425 32.20874692442536 -92.55659139757235 34.24953689622426
-88.008 32.2851 -88.11221776690425 32.20874692442536
-87.9715 30.2589 -88.11221776690425 32.20874692442536
-87.3864 29.5746 -87.9715 30.2589
-89.2611 44.3743 -93.61078006634492 40.326064454860635
-85.75378152318869 43.47630432039433 -89.2611 44.3743
-85.4262 43.7839 -85.75378152318869 43.47630432039433
-85.6037 42.9528 -85.75378152318869 43.47630432039433
-83.5302 39.8002 -85.6037 42.9528
-51.38645498132304 78.20773768611299 -54.9615 73.111
-49.9288 78.0906 -51.38645498132304 78.20773768611299
-52.87775519433169 81.36236067022155 -51.38645498132304 78.20773768611299
-53.8946 81.4772 -52.87775519433169 81.36236067022155
-50.58740114015001 84.68704476971924 -52.87775519433169 81.36236067022155
-49.8691 84.6123 -50.58740114015001 84.68704476971924
-51.13472627021229 85.95303176066128 -50.58740114015001 84.68704476971924
-51.3543 85.978 -51.13472627021229 85.95303176066128
-50.9085 86.2589 -51.13472627021229 85.95303176066128
-48.967507520562776 87.29006664126788 -50.9085 86.2589
-49.0085 87.9451 -48.967507520562776 87.29006664126788
-46.7426 85.8643 -48.967507520562776 87.29006664126788
-43.754105040112236 87.420474397833 -46.7426 85.8643
-41.7668 86.195 -43.754105040112236 87.420474397833
-43.5538 89.8788 -43.754105040112236 87.420474397833
-39.7221 93.4076 -43.5538 89.8788
-44.105 78.729 -49.9288 78.0906
-39.50770483968262 78.83833205618392 -44.105 78.729
-38.7356 77.7144 -39.50770483968262 78.83833205618392
-38.8383 80.1703 -39.50770483968262 78.83833205618392
-34.9438 81.6418 -38.8383 80.1703
-34.1888 95.436 -39.7221 93.4076
-33.4263 96.9844 -34.1888 95.436
-31.280884168803848 97.39940990383135 -33.4263 96.9844
-30.6983 99.0916 -31.280884168803848 97.39940990383135
-29.3087 95.1576 -31.280884168803848 97.39940990383135
-29.2738 90.6946 -29.3087 95.1576
-27.2350715136805 88.7178164459089 -29.2738 90.6946
-27.5833 87.0483 -27.2350715136805 88.7178164459089
-24.259235076449897 89.49073557963226 -27.2350715136805 88.7178164459089
-24.2324 89.5699 -24.259235076449897 89.49073557963226
-20.5227 85.7577 -24.259235076449897 89.49073557963226
-19.554099038970485 82.78283040140312 -20.5227 85.7577
-20.1384 82.1706 -19.554099038970485 82.78283040140312
-17.6284 82.1475 -19.554099038970485 82.78283040140312
-13.9108 85.1006 -17.6284 82.1475
-13.613 89.9504 -13.9108 85.1006
-16.6321 93.1673 -13.613 89.9504
-18.0084 94.848 -16.6321 93.1673
-19.452 99.0801 -18.0084 94.848
-44.2873 70.7596 -40.00709063245372 65.8775198171037
-80.09 92.5844 -73.6107 93.6883
-82.90037227884636 92.67699722951775 -80.09 92.5844
-83.9294 94.6692 -82.90037227884636 92.67699722951775
-85.2446 88.7978 -82.90037227884636 92.67699722951775
-87.9475 88.8385 -85.2446 88.7978
-89.9037 88.8904 -87.9475 88.8385
-90.77195415969415 89.01846033370478 -89.9037 88.8904
-93.0002 86.4315 -90.77195415969415 89.01846033370478
-83.6525 65.7416 -77.46819276216492 67.97129073823895
-26.4888 80.3667 -20.1384 82.1706
-27.4814 77.3199 -26.4888 80.3667
-26.275 71.5391 -27.4814 77.3199
-27.522483671640583 69.7626321774523 -26.275 71.5391
-28.2653 69.8166 -27.522483671640583 69.7626321774523
-33.2046 72.7063 -28.2653 69.8166
-24.87397514018281 64.28627449789039 -27.522483671640583 69.7626321774523
-25.1501 63.9054 -24.87397514018281 64.28627449789039
-20.3713 63.9452 -24.87397514018281 64.28627449789039
-18.481320404363924 63.750165401913165 -20.3713 63.9452
-18.0491 62.8563 -18.481320404363924 63.750165401913165
-16.22750335076224 66.6181469573757 -18.481320404363924 63.750165401913165
-16.9211 68.3021 -16.22750335076224 66.6181469573757
-13.6678 66.2774 -16.22750335076224 66.6181469573757
-9.796516526276248 66.64343023774629 -13.6678 66.2774
-8.84968 68.7951 -9.796516526276248 66.64343023774629
-7.551 63.5123 -9.796516526276248 66.64343023774629
-6.56546 63.492 -7.551 63.5123
-28.4656 59.807 -25.1501 63.9054
-99.2363 84.1871 -93.0002 86.4315
-21.8134 -23.3238 -27.56484596433663 -19.93699814523724
-17.30103242685502 -25.386073749918417 -21.8134 -23.3238
-15.1733 -23.8783 -17.30103242685502 -25.386073749918417
-12.106713674806885 -21.675667859149197 -15.1733 -23.8783
-16.983748099674322 -29.23604935680999 -17.30103242685502 -25.386073749918417
-17.5579 -29.6262 -16.983748099674322 -29.23604935680999
-8.04745 -23.4357 -12.106713674806885 -21.675667859149197
-12.56119235946689 -17.274332379538944 -12.106713674806885 -21.675667859149197
-14.3695 -16.4883 -12.56119235946689 -17.274332379538944
-7.71332 -13.8492 -12.56119235946689 -17.274332379538944
-6.810248140369232 -12.553692517317398 -7.71332 -13.8492
-6.97396 -12.2 -6.810248140369232 -12.553692517317398
-4.45365 -12.7177 -6.810248140369232 -12.553692517317398
-3.9296308161863958 -13.188577632986286 -4.45365 -12.7177
-4.44826 -15.9897 -3.9296308161863958 -13.188577632986286
0.454946 -11.7374 -3.9296308161863958 -13.188577632986286
2.1120276987003073 -10.429348875111014 0.454946 -11.7374
2.93189 -10.7953 2.1120276987003073 -10.429348875111014
1.7588697634437809 -8.039099192441805 2.1120276987003073 -10.429348875111014
0.946123 -7.70809 1.7588697634437809 -8.039099192441805
3.5191 -6.55824 1.7588697634437809 -8.039099192441805
3.359472067796368 -4.846233895790001 3.5191 -6.55824
3.9977 -4.43914 3.359472067796368 -4.846233895790001
6.514841165467738 -2.9827494524071394 3.9977 -4.43914
6.51255 -2.74241 6.514841165467738 -2.9827494524071394
-0.0685338 -3.22543 3.359472067796368 -4.846233895790001
-1.94559 0.635462 -0.0685338 -3.22543
-6.60652 3.49644 -1.94559 0.635462
11.637371134114868 -6.0029114139923 6.514841165467738 -2.9827494524071394
11.6465 -7.40197 11.637371134114868 -6.0029114139923
13.798 -4.79593 11.637371134114868 -6.0029114139923
17.0363 -5.04498 13.798 -4.79593
-45.7858 98.3244 -51.8413 95.4231
-50.6053 19.3446 -47.0517 13.5653
-93.1514 95.4477 -90.77195415969415 89.01846033370478
-99.6685 97.3766 -93.1514 95.4477
-98.5325 -39.5618 -93.92047765303928 -34.347199205787696
28.5958 -97.0099 33.9409 -92.4572
25.3648 -96.5544 28.5958 -97.0099
22.829424901967013 -97.50900699491835 25.3648 -96.5544
22.5503 -99.2176 22.829424901967013 -97.50900699491835
18.3176 -93.6722 22.829424901967013 -97.50900699491835
18.3896 -88.0691 18.3176 -93.6722
46.3165 55.0291 39.9582 51.6492
49.8503 53.8228 46.3165 55.0291
53.19173355463977 56.90971871326021 49.8503 53.8228
54.9572 56.3172 53.19173355463977 56.90971871326021
52.330637641276944 61.2197677493386 53.19173355463977 56.90971871326021
53.872 62.6094 52.330637641276944 61.2197677493386
59.4765 56.435 54.9572 56.3172
47.411 62.8576 52.330637641276944 61.2197677493386
42.8143 62.4825 47.411 62.8576
41.0199 64.2876 42.8143 62.4825
40.48289970880039 64.90931854303511 41.0199 64.2876
37.5178 64.478 40.48289970880039 64.90931854303511
37.2862 64.5597 37.5178 64.478
41.6958 67.9113 40.48289970880039 64.90931854303511
42.842823815296455 68.84084687181256 41.6958 67.9113
46.1722 67.5137 42.842823815296455 68.84084687181256
42.3129 72.7286 42.842823815296455 68.84084687181256
41.16586841289752 73.66156289088575 42.3129 72.7286
38.2459 72.3591 41.16586841289752 73.66156289088575
41.8399 78.1013 41.16586841289752 73.66156289088575
56.8767 -2.9948 49.8662642844979 -1.0906685246250831
59.151960093745615 -3.5486583876015225 56.8767 -2.9948
60.9825 -1.63185 59.151960093745615 -3.5486583876015225
60.7178 -8.73361 59.151960093745615 -3.5486583876015225
61.33 -12.0549 60.7178 -8.73361
62.6565 -17.834 61.33 -12.0549
61.271 -19.8954 62.6565 -17.834
59.63887743723342 -22.370023960241042 61.271 -19.8954
60.7591 -24.6077 59.63887743723342 -22.370023960241042
63.8880472144761 -25.866723498621823 60.7591 -24.6077
64.1452 -27.6799 63.8880472144761 -25.866723498621823
65.741 -24.5642 63.8880472144761 -25.866723498621823
66.3102 -21.3098 65.741 -24.5642
54.97584524605195 -22.20972091527914 59.63887743723342 -22.370023960241042
54.1236 -20.7024 54.97584524605195 -22.20972091527914
52.4644 -26.5901 54.97584524605195 -22.20972091527914
51.17121856185717 -26.985910624778818 52.4644 -26.5901
51.0843 -27.4639 51.17121856185717 -26.985910624778818
49.06190450310863 -25.224233465397567 51.17121856185717 -26.985910624778818
49.1044 -24.992 49.06190450310863 -25.224233465397567
51.5242 -31.0847 51.0843 -27.4639
50.49828657228675 -33.361613668287774 51.5242 -31.0847
48.8149 -33.5855 50.49828657228675 -33.361613668287774
52.3455 -35.8618 50.49828657228675 -33.361613668287774
45.0697 -26.7373 49.06190450310863 -25.224233465397567
39.63736052894844 -27.307652276501045 45.0697 -26.7373
38.6456 -29.6462 39.63736052894844 -27.307652276501045
38.52873781705218 -30.64369024167766 38.6456 -29.6462
39.9278 -31.6304 38.52873781705218 -30.64369024167766
37.5156 -24.5031 39.63736052894844 -27.307652276501045
34.9222 -32.2133 38.52873781705218 -30.64369024167766
67.4635 -32.1444 64.1452 -27.6799
67.0069 -33.4723 67.4635 -32.1444
30.348816511017674 -36.23024489208152 34.9222 -32.2133
30.4117 -36.4921 30.348816511017674 -36.23024489208152
28.2752 -35.5699 30.348816511017674 -36.23024489208152
26.3527 -34.1131 28.2752 -35.5699
66.99314377809242 1.2914045375796006 60.9825 -1.63185
67.0133 1.27801 66.99314377809242 1.2914045375796006
67.03293738327798 1.7929288286108505 66.99314377809242 1.2914045375796006
66.8677 1.93165 67.03293738327798 1.7929288286108505
69.1963 2.65474 67.03293738327798 1.7929288286108505
71.24430627818873 4.596821884065358 69.1963 2.65474
72.5984 4.17776 71.24430627818873 4.596821884065358
73.5983 3.41396 72.5984 4.17776
70.08189585426594 9.604637642913419 71.24430627818873 4.596821884065358
70.3299 9.84569 70.08189585426594 9.604637642913419
69.2651 9.86047 70.08189585426594 9.604637642913419
14.8662 -26.2432 12.063045325320108 -19.5380033059657
14.3783 -29.5879 14.8662 -26.2432
14.6366 -33.8483 14.3783 -29.5879
14.636810003708975 -34.05855066767849 14.6366 -33.8483
15.3552 -34.5545 14.636810003708975 -34.05855066767849
12.7967 -34.9475 14.636810003708975 -34.05855066767849
7.397535553087673 -33.986856232287664 12.7967 -34.9475
7.30565 -34.0842 7.397535553087673 -33.986856232287664
7.19127 -33.4143 7.397535553087673 -33.986856232287664
4.56154 -31.2365 7.19127 -33.4143
2.57854 -27.2767 4.56154 -31.2365
-96.7851 -59.2173 -93.7192 -65.8408
-14.3171 21.8638 -20.6689 25.5997
-8.520907273381997 20.95950560084451 -14.3171 21.8638
-7.38826 17.8838 -8.520907273381997 20.95950560084451
-5.36159 24.7859 -8.520907273381997 20.95950560084451
-3.84968 12.8226 -7.38826 17.8838
2.7272345498230637 11.17969608968126 -3.84968 12.8226
3.05809 9.96274 2.7272345498230637 11.17969608968126
6.28546 14.8721 2.7272345498230637 11.17969608968126
58.954 26.9435 51.5734 26.5114
60.65409963784511 30.18905549869215 58.954 26.9435
60.6146 30.2507 60.65409963784511 30.18905549869215
62.09405594875417 30.223590725493622 60.65409963784511 30.18905549869215
63.2422 28.3407 62.09405594875417 30.223590725493622
64.9395 26.5477 63.2422 28.3407
65.69882138746623 25.854861630506157 64.9395 26.5477
66.1244 25.9772 65.69882138746623 25.854861630506157
58.9762 33.1946 60.6146 30.2507
63.841 33.4209 62.09405594875417 30.223590725493622
67.284 36.1124 63.841 33.4209
67.47983130688404 36.27998748766991 67.284 36.1124
67.2413 37.4829 67.47983130688404 36.27998748766991
68.9281 35.7419 67.47983130688404 36.27998748766991
65.50226695649992 40.08596453380769 67.2413 37.4829
62.6761 39.8955 65.50226695649992 40.08596453380769
67.4164 43.959 65.50226695649992 40.08596453380769
73.47976861316734 37.346575081830565 68.9281 35.7419
74.0752 40.6664 73.47976861316734 37.346575081830565
76.7129 41.6797 74.0752 40.6664
77.13314238605464 34.18712362966892 73.47976861316734 37.346575081830565
77.3021 34.2703 77.13314238605464 34.18712362966892
76.4701 30.4093 77.13314238605464 34.18712362966892
78.06215405017888 27.7978850428839 76.4701 30.4093
83.1635 28.0309 78.06215405017888 27.7978850428839
86.3829 27.9047 83.1635 28.0309
86.80285847729996 27.859348880126323 86.3829 27.9047
87.6727 28.7994 86.80285847729996 27.859348880126323
87.1872 30.3029 87.6727 28.7994
87.55631696523722 31.684162412547973 87.1872 30.3029
86.7855 32.49 87.55631696523722 31.684162412547973
86.23725713916528 32.76352517771133 86.7855 32.49
85.7805 32.4355 86.23725713916528 32.76352517771133
89.8314 32.3987 87.55631696523722 31.684162412547973
86.0873 37.3545 86.23725713916528 32.76352517771133
88.98628015648531 40.78064747402424 86.0873 37.3545
90.883 40.4413 88.98628015648531 40.78064747402424
94.6386 32.8691 89.8314 32.3987
69.7391 29.6151 66.1244 25.9772
75.6422 23.2253 78.06215405017888 27.7978850428839
72.8343 19.1854 75.6422 23.2253
73.5729 17.6365 72.8343 19.1854
96.35669092933574 41.70545793339478 90.883 40.4413
98.2203 39.6445 96.35669092933574 41.70545793339478
99.046 39.6771 98.2203 39.6445
88.78741851022824 22.59189392018662 86.80285847729996 27.859348880126323
87.8236 21.357 88.78741851022824 22.59189392018662
85.73064714526237 19.75617925341311 87.8236 21.357
84.1659 20.4499 85.73064714526237 19.75617925341311
86.017 16.6041 85.73064714526237 19.75617925341311
84.066 13.8427 86.017 16.6041
80.3993 11.5221 84.066 13.8427
94.1043 21.7496 88.78741851022824 22.59189392018662
97.1525477973341 20.460106764558358 94.1043 21.7496
97.486 20.672 97.1525477973341 20.460106764558358
97.3458 19.3405 97.1525477973341 20.460106764558358
99.0668 17.5295 97.3458 19.3405
56.9377 39.9182 62.6761 39.8955
52.4396 40.2381 56.9377 39.9182
51.78300946342631 40.35261160118532 52.4396 40.2381
50.7725 39.1358 51.78300946342631 40.35261160118532
50.4447 43.9282 51.78300946342631 40.35261160118532
45.7217 35.2474 50.7725 39.1358
39.6921 34.9049 45.7217 35.2474
64.1866 19.3474 65.69882138746623 25.854861630506157
64.25613191287933 18.938574673891477 64.1866 19.3474
65.8662 18.3429 64.25613191287933 18.938574673891477
62.3791 17.3724 64.25613191287933 18.938574673891477
71.90741609880799 49.82876539195282 67.4164 43.959
71.9321 49.8269 71.90741609880799 49.82876539195282
71.1469109895448 51.472643450934584 71.90741609880799 49.82876539195282
69.8717 51.5703 71.1469109895448 51.472643450934584
73.2077 54.638 71.1469109895448 51.472643450934584
48.64103444575931 81.16313542415567 41.8399 78.1013
49.3358 80.6602 48.64103444575931 81.16313542415567
48.916 83.8237 48.64103444575931 81.16313542415567
51.91997509494479 79.42418160796517 49.3358 80.6602
52.1235 79.5828 51.91997509494479 79.42418160796517
52.1465 77.1948 51.91997509494479 79.42418160796517
47.17742425787202 90.80234040397428 48.916 83.8237
48.0954 91.643 47.17742425787202 90.80234040397428
50.86168686111337 93.600970578763 48.0954 91.643
50.6712 96.5101 50.86168686111337 93.600970578763
42.1953 92.5851 47.17742425787202 90.80234040397428
40.50039477496974 95.22539131927414 42.1953 92.5851
38.0332 95.0914 40.50039477496974 95.22539131927414
41.8139 97.9877 40.50039477496974 95.22539131927414
34.2159 94.8934 38.0332 95.0914
55.9207 91.2315 50.86168686111337 93.600970578763
59.5745 94.0598 55.9207 91.2315
62.9404 95.6912 59.5745 94.0598
65.62795674054806 94.66805635919296 62.9404 95.6912
66.1338 95.08 65.62795674054806 94.66805635919296
66.21590227933564 91.31166598476216 65.62795674054806 94.66805635919296
67.6203 90.8057 66.21590227933564 91.31166598476216
64.0184 89.4061 66.21590227933564 91.31166598476216
72.0143 90.7183 67.6203 90.8057
73.8027 90.9303 72.0143 90.7183
76.29495436235717 90.41321064664155 73.8027 90.9303
77.49075910962188 91.78241471846671 76.29495436235717 90.41321064664155
77.097 93.5335 77.49075910962188 91.78241471846671
80.4608 90.8583 77.49075910962188 91.78241471846671
77.0972 87.3854 76.29495436235717 90.41321064664155
76.59864424465978 84.46484651941675 77.0972 87.3854
78.0037 83.3268 76.59864424465978 84.46484651941675
80.1888 79.976 78.0037 83.3268
80.2436 79.5314 80.1888 79.976
81.002 76.6395 80.2436 79.5314
82.76931691433435 74.3866668333321 81.002 76.6395
83.2988 74.4762 82.76931691433435 74.3866668333321
82.1388 72.8496 82.76931691433435 74.3866668333321
72.2535593346918 83.07725753378324 76.59864424465978 84.46484651941675
71.7022 83.5954 72.2535593346918 83.07725753378324
72.0073 81.7899 72.2535593346918 83.07725753378324
69.89619335974452 78.12593120921785 72.0073 81.7899
68.4079 78.1475 69.89619335974452 78.12593120921785
83.84515881568889 87.61887131847813 80.4608 90.8583
83.7205 87.3007 83.84515881568889 87.61887131847813
88.0326 88.9506 83.84515881568889 87.61887131847813
89.1926 88.9621 88.0326 88.9506
89.9556 87.8632 89.1926 88.9621
92.6190873121022 86.75363495807028 89.9556 87.8632
93.08372506812626 83.91687025020101 92.6190873121022 86.75363495807028
94.0173 83.5695 93.08372506812626 83.91687025020101
90.0546 81.4513 93.08372506812626 83.91687025020101
64.2355 84.0505 64.0184 89.4061
63.0517 77.1381 68.4079 78.1475
61.065411680858816 72.09467534572605 63.0517 77.1381
58.0189 71.7157 61.065411680858816 72.09467534572605
63.4634 68.8403 61.065411680858816 72.09467534572605
28.6443 96.2578 34.2159 94.8934
73.5568 71.6549 69.89619335974452 78.12593120921785
-85.2299 -25.3281 -80.6923 -31.2773
40.047 -39.1719 39.9278 -31.6304
86.3059 47.9455 88.98628015648531 40.78064747402424
-96.6052 2.34555 -91.1251 7.69822
-98.9021 -2.85293 -96.6052 2.34555
90.4862 71.7532 83.2988 74.4762
91.72937394571532 69.58057480652792 90.4862 71.7532
92.223 69.5775 91.72937394571532 69.58057480652792
89.8902 66.4307 91.72937394571532 69.58057480652792
-50.5949 -81.8509 -53.1761 -74.5679
-49.2155 -84.3474 -50.5949 -81.8509
-51.1954 -91.3684 -49.2155 -84.3474
55.20980584658491 -43.0809429835839 52.3455 -35.8618
54.1234 -44.4186 55.20980584658491 -43.0809429835839
59.2583 -43.8222 55.20980584658491 -43.0809429835839
-98.4188 -81.7294 -90.68915877686372 -82.6669924988117
-71.10280539566712 59.66148754121912 -75.3111 66.2193
-70.6657 59.6901 -71.10280539566712 59.66148754121912
-71.4118 59.0895 -71.10280539566712 59.66148754121912
-83.28168275260978 -10.725516990066644 -80.7985 -3.31461
-88.1908 -11.7221 -83.28168275260978 -10.725516990066644
-89.4167 -10.7051 -88.1908 -11.7221
-80.1335 -14.6332 -83.28168275260978 -10.725516990066644
-79.5521 -15.6995 -80.1335 -14.6332
-79.5485 -17.4328 -79.5521 -15.6995
72.1657 63.8313 73.5568 71.6549
72.3935 -39.3337 67.0069 -33.4723
73.60393106948374 -44.36346472862829 72.3935 -39.3337
74.2451 -44.597 73.60393106948374 -44.36346472862829
76.68 -46.3334 74.2451 -44.597
78.7642892648322 -46.873377356304985 76.68 -46.3334
79.0109 -47.4517 78.7642892648322 -46.873377356304985
80.7226 -44.8563 78.7642892648322 -46.873377356304985
71.3944 -46.4223 73.60393106948374 -44.36346472862829
78.04440971282484 -52.297778094393294 79.0109 -47.4517
79.9042 -53.9461 78.04440971282484 -52.297778094393294
81.7844 -56.9503 79.9042 -53.9461
82.6004 -40.1578 80.7226 -44.8563
72.2859 -54.2798 78.04440971282484 -52.297778094393294
71.41028389652165 -56.45744682817512 72.2859 -54.2798
67.832 -56.9106 71.41028389652165 -56.45744682817512
66.42327695570339 -59.24777087141931 67.832 -56.9106
67.1994 -60.7644 66.42327695570339 -59.24777087141931
64.7159 -59.2148 66.42327695570339 -59.24777087141931
63.225162488732245 -58.05009883629875 64.7159 -59.2148
62.666 -58.3101 63.225162488732245 -58.05009883629875
63.5892 -54.8461 63.225162488732245 -58.05009883629875
63.65264320469492 -52.876561913243926 63.5892 -54.8461
64.4601 -52.4507 63.65264320469492 -52.876561913243926
62.39969047546283 -52.087769848410296 63.65264320469492 -52.876561913243926
62.3706 -52.1063 62.39969047546283 -52.087769848410296
62.4007 -52.0422 62.39969047546283 -52.087769848410296
60.265 -60.8168 62.666 -58.3101
58.2281 -60.4199 60.265 -60.8168
57.37262096263671 -61.008820009463186 58.2281 -60.4199
56.4579 -60.608 57.37262096263671 -61.008820009463186
56.236184954470474 -60.45305450044893 56.4579 -60.608
57.5414 -63.9184 57.37262096263671 -61.008820009463186
53.0418 -62.0756 56.236184954470474 -60.45305450044893
56.4949 -56.518 56.236184954470474 -60.45305450044893
48.16959102740512 -62.20856669112835 53.0418 -62.0756
46.5197 -59.4072 48.16959102740512 -62.20856669112835
46.1357 -65.5997 48.16959102740512 -62.20856669112835
74.3653 -60.507 71.41028389652165 -56.45744682817512
61.662 -67.6759 57.5414 -63.9184
61.68601632181983 -70.1648326302464 61.662 -67.6759
59.7287 -71.3404 61.68601632181983 -70.1648326302464
58.07610244812706 -71.75575926831254 59.7287 -71.3404
57.6349 -73.1331 58.07610244812706 -71.75575926831254
64.02244558708337 -71.53743485134731 61.68601632181983 -70.1648326302464
64.0252 -71.8426 64.02244558708337 -71.53743485134731
63.94719775807948 -74.55447816200314 64.0252 -71.8426
62.6469 -75.2554 63.94719775807948 -74.55447816200314
66.7364 -69.9377 64.02244558708337 -71.53743485134731
69.1151 -70.4934 66.7364 -69.9377
71.98715329392539 -69.13094093753722 69.1151 -70.4934
72.0451 -67.6625 71.98715329392539 -69.13094093753722
73.2684 -69.9535 71.98715329392539 -69.13094093753722
55.7351 -69.2446 58.07610244812706 -71.75575926831254
66.92207964512984 -76.71011033474757 63.94719775807948 -74.55447816200314
67.2751 -76.5524 66.92207964512984 -76.71011033474757
66.6756 -79.0841 66.92207964512984 -76.71011033474757
68.86006015658194 -80.87332494871578 66.6756 -79.0841
68.2232 -84.549 68.86006015658194 -80.87332494871578
56.68328053063166 -77.02971625757853 57.6349 -73.1331
53.9974 -77.801 56.68328053063166 -77.02971625757853
58.8479 -79.1184 56.68328053063166 -77.02971625757853
72.6721 -79.5064 68.86006015658194 -80.87332494871578
76.57809188703057 -78.92386186507228 72.6721 -79.5064
76.7622 -79.1805 76.57809188703057 -78.92386186507228
78.57839182016106 -81.67613504100075 76.7622 -79.1805
81.9239 -81.3196 78.57839182016106 -81.67613504100075
76.9414 -85.4628 78.57839182016106 -81.67613504100075
78.5331 -74.3925 76.57809188703057 -78.92386186507228
81.3414 -69.9258 78.5331 -74.3925
51.607667732005986 -82.84134579061177 53.9974 -77.801
51.1567 -82.9496 51.607667732005986 -82.84134579061177
54.1188 -86.9545 51.607667732005986 -82.84134579061177
53.23488694069198 -88.76515560812219 54.1188 -86.9545
53.1064 -88.773 53.23488694069198 -88.76515560812219
54.0409 -89.9832 53.23488694069198 -88.76515560812219
54.20882476379015 -90.29374306708935 54.0409 -89.9832
53.413 -91.7159 54.20882476379015 -90.29374306708935
52.14492134145994 -93.46656983856894 53.413 -91.7159
51.5143 -93.4086 52.14492134145994 -93.46656983856894
52.7098 -94.8179 52.14492134145994 -93.46656983856894
58.7951 -90.5496 54.20882476379015 -90.29374306708935
63.04386522044809 -90.82088605152421 58.7951 -90.5496
63.2079 -90.5878 63.04386522044809 -90.82088605152421
64.0313405644346 -92.96135276398033 63.04386522044809 -90.82088605152421
61.0987 -97.5077 64.0313405644346 -92.96135276398033
80.4505 -90.5628 76.9414 -85.4628
82.8736 -33.7417 82.6004 -40.1578
83.30252121180395 -31.37621308653137 82.8736 -33.7417
83.4047 -31.3407 83.30252121180395 -31.37621308653137
83.1743 -31.2654 83.30252121180395 -31.37621308653137
80.85239341100042 -28.799125650210833 83.1743 -31.2654
78.4298 -29.3747 80.85239341100042 -28.799125650210833
82.51603481536114 -23.728786353292225 80.85239341100042 -28.799125650210833
84.5943 -23.2566 82.51603481536114 -23.728786353292225
85.7055 -23.8745 84.5943 -23.2566
89.16505352701637 -23.16160386432618 85.7055 -23.8745
89.509 -22.2354 89.16505352701637 -23.16160386432618
90.9069 -20.1495 89.509 -22.2354
92.64798978868609 -18.941458544565894 90.9069 -20.1495
93.3819 -19.2838 92.64798978868609 -18.941458544565894
92.23556773689977 -15.343149725798177 92.64798978868609 -18.941458544565894
92.0919 -26.6961 89.16505352701637 -23.16160386432618
98.0416 -21.6955 93.3819 -19.2838
96.4336 -12.1699 92.23556773689977 -15.343149725798177
87.3734 -13.2125 92.23556773689977 -15.343149725798177
86.3349 -9.53997 87.3734 -13.2125
88.45358798892696 -4.136203498141723 86.3349 -9.53997
87.3217 -2.59042 88.45358798892696 -4.136203498141723
86.5749 -0.757178 87.3217 -2.59042
91.58672960342925 -3.6787978833075363 88.45358798892696 -4.136203498141723
92.2872 -4.60966 91.58672960342925 -3.6787978833075363
92.219 -2.29709 91.58672960342925 -3.6787978833075363
92.46137990801921 1.229156181441558 92.219 -2.29709
89.5411 3.02292 92.46137990801921 1.229156181441558
95.7636 2.96223 92.46137990801921 1.229156181441558
71.0165 -93.5461 64.0313405644346 -92.96135276398033
71.6233 -94.1528 71.0165 -93.5461
71.57583828257376 -95.41376469032505 71.6233 -94.1528
71.3752 -95.519 71.57583828257376 -95.41376469032505
74.0777 -97.1014 71.57583828257376 -95.41376469032505
88.4213 -69.8548 81.3414 -69.9258
89.71636589712067 -71.05850349066169 88.4213 -69.8548
90.5699 -70.794 89.71636589712067 -71.05850349066169
89.2089 -73.1922 89.71636589712067 -71.05850349066169
88.4139 -74.0781 89.2089 -73.1922
96.09070115488215 -69.95075962388792 90.5699 -70.794
97.1579 -67.4574 96.09070115488215 -69.95075962388792
97.35825528123107 -67.182660039632 97.1579 -67.4574
97.0862 -66.5429 97.35825528123107 -67.182660039632
96.0735 -66.0583 97.0862 -66.5429
98.5731 -67.3163 97.35825528123107 -67.182660039632
97.8725 -72.161 96.09070115488215 -69.95075962388792
91.1031 -79.826 88.4139 -74.0781
91.0068 -80.8047 91.1031 -79.826
90.84037390803307 -83.05814811322992 91.0068 -80.8047
89.005 -83.9278 90.84037390803307 -83.05814811322992
96.2337 -86.7853 90.84037390803307 -83.05814811322992
94.8696 -59.5036 96.0735 -66.0583
95.58703843464905 -52.66428507276145 94.8696 -59.5036
95.1762 -52.3961 95.58703843464905 -52.66428507276145
96.5761 -52.3078 95.58703843464905 -52.66428507276145
91.19061241227101 -48.17222829081161 95.1762 -52.3961
89.4343 -48.4677 91.19061241227101 -48.17222829081161
98.8839 9.36263 95.7636 2.96223
93.5992 -40.8952 91.19061241227101 -48.17222829081161
93.4506 -39.4258 93.5992 -40.8952
96.0282 -36.5976 93.4506 -39.4258
77.1297 -17.9374 82.51603481536114 -23.728786353292225
75.3131 -17.1943 77.1297 -17.9374
-37.8738 -56.8861 -45.8597 -56.2751
-62.974 -89.6771 -60.2499 -82.1318
-63.0145872237428 -92.82710325046718 -62.974 -89.6771
-64.44343589765394 -93.62426728714371 -63.0145872237428 -92.82710325046718
-65.5587 -92.9984 -64.44343589765394 -93.62426728714371
-65.6542 -93.0661 -65.5587 -92.9984
-61.4707 -93.749 -63.0145872237428 -92.82710325046718
-58.4501 -94.7999 -61.4707 -93.749
-64.9084 -98.8684 -64.44343589765394 -93.62426728714371
-72.22969121915712 -90.0566760705727 -65.6542 -93.0661
-72.2625 -89.6252 -72.22969121915712 -90.0566760705727
-73.9802 -91.3186 -72.22969121915712 -90.0566760705727
-77.47414177901292 -93.55336964940697 -73.9802 -91.3186
-78.5639 -92.9881 -77.47414177901292 -93.55336964940697
-77.57811401789068 -95.9987784334207 -77.47414177901292 -93.55336964940697
-77.0941 -96.3498 -77.57811401789068 -95.9987784334207
-79.8236 -97.1062 -77.57811401789068 -95.9987784334207
-82.44500811285516 -96.7969110327068 -79.8236 -97.1062
-84.0166 -99.1492 -82.44500811285516 -96.7969110327068
-85.80274122605014 -99.43219186944333 -84.0166 -99.1492
-85.8819 -99.593 -85.80274122605014 -99.43219186944333
-86.6316 -98.4604 -85.80274122605014 -99.43219186944333
-87.86811076776392 -98.44722902515953 -86.6316 -98.4604
-88.1606 -98.9637 -87.86811076776392 -98.44722902515953
-88.2655 -97.7977 -87.86811076776392 -98.44722902515953
-73.9645 -99.1596 -77.0941 -96.3498
-84.3572 -92.4634 -82.44500811285516 -96.7969110327068
-93.668 -99.6056 -88.1606 -98.9637
-26.625823713091084 50.850848441214396 -18.65 51.7398
-26.9323 51.2821 -26.625823713091084 50.850848441214396
-28.069412687555616 47.925798700495385 -26.625823713091084 50.850848441214396
-26.8712 46.0745 -28.069412687555616 47.925798700495385
-30.285889452747405 47.74588758055057 -28.069412687555616 47.925798700495385
-30.8219 48.6283 -30.285889452747405 47.74588758055057
-31.407565112782766 45.877433234037056 -30.285889452747405 47.74588758055057
-30.9622 45.1244 -31.407565112782766 45.877433234037056
-33.0211 45.9024 -31.407565112782766 45.877433234037056
-33.5117 46.0302 -33.0211 45.9024
-78.0538 31.3758 -71.7317 36.6513
-9.42337 -32.8789 -16.983748099674322 -29.23604935680999
-6.94199 -34.6609 -9.42337 -32.8789
-0.466127 95.6101 0.9585357235885886 87.31594221859076
-0.0453702 98.9322 -0.466127 95.6101
-93.992 -50.9011 -96.7851 -59.2173
99.8184 92.3841 92.6190873121022 86.75363495807028
-65.7241 48.6548 -56.2404 48.0308
-67.0801 50.0342 -65.7241 48.6548
99.658 51.9395 96.35669092933574 41.70545793339478
96.6472 -97.7368 96.2337 -86.7853
94.4955 -99.9987 96.6472 -97.7368