-8.8652951753603 -73.37238410911763 -8.93854 -72.9781
-8.26997 -73.6924 -8.8652951753603 -73.37238410911763
-12.158826209670734 -75.19416614360071 -8.8652951753603 -73.37238410911763
-8.96016 -69.1535 -8.93854 -72.9781
-12.0732 -79.2498 -12.158826209670734 -75.19416614360071
-12.101250281095151 -80.49084385876381 -12.0732 -79.2498
-10.9758 -81.2713 -12.101250281095151 -80.49084385876381
-15.6819 -73.1819 -12.158826209670734 -75.19416614360071
-18.892971845999302 -74.37004754273289 -15.6819 -73.1819
-19.0406 -74.9924 -18.892971845999302 -74.37004754273289
-21.682519043670727 -72.1524951911898 -18.892971845999302 -74.37004754273289
-22.6174 -72.3996 -21.682519043670727 -72.1524951911898
-20.98094052724068 -68.24771360262973 -21.682519043670727 -72.1524951911898
-18.1885 -67.5144 -20.98094052724068 -68.24771360262973
-15.2309 -65.7213 -18.1885 -67.5144
-13.6183 -64.8051 -15.2309 -65.7213
-23.9147 -65.5083 -20.98094052724068 -68.24771360262973
-25.0757 -65.4146 -23.9147 -65.5083
-26.972103933901202 -66.40499297251321 -25.0757 -65.4146
-26.9322 -67.5603 -26.972103933901202 -66.40499297251321
-29.4668 -64.7413 -26.972103933901202 -66.40499297251321
-30.8257 -61.6032 -29.4668 -64.7413
-31.1207 -61.4488 -30.8257 -61.6032
-6.66628 -83.0679 -10.9758 -81.2713
-4.47184 -84.6356 -6.66628 -83.0679
-4.269493654037448 -85.74292514374302 -4.47184 -84.6356
-4.73838 -86.067 -4.269493654037448 -85.74292514374302
-3.04263 -86.3371 -4.269493654037448 -85.74292514374302
0.191249 -86.7068 -3.04263 -86.3371
-16.3669 -82.6788 -12.101250281095151 -80.49084385876381
-18.3645 -83.9356 -16.3669 -82.6788
-19.17580695745969 -85.32308973602163 -18.3645 -83.9356
-18.455057262895757 -87.30638078761476 -19.17580695745969 -85.32308973602163
-17.635 -87.3409 -18.455057262895757 -87.30638078761476
-19.9434 -89.9803 -18.455057262895757 -87.30638078761476
-23.1716 -85.2502 -19.17580695745969 -85.32308973602163
-23.66357995040902 -84.98770654619341 -23.1716 -85.2502
-24.209 -85.429 -23.66357995040902 -84.98770654619341
-23.9098 -83.7172 -23.66357995040902 -84.98770654619341
-25.557349940966976 -83.21292116263774 -23.9098 -83.7172
-26.5634 -84.1939 -25.557349940966976 -83.21292116263774
-24.8259 -87.0736 -24.209 -85.429
-27.4235 -87.772 -24.8259 -87.0736
-28.05125844468572 -90.63108486753501 -27.4235 -87.772
-31.3021 -92.0673 -28.05125844468572 -90.63108486753501
-32.033568015589395 -92.3332746301311 -31.3021 -92.0673
-34.3532 -90.5071 -32.033568015589395 -92.3332746301311
-33.049056620033774 -96.18837599534315 -32.033568015589395 -92.3332746301311
-34.5001 -96.6512 -33.049056620033774 -96.18837599534315
-30.403990281210547 -98.94798479993023 -33.049056620033774 -96.18837599534315
-30.7137 -99.9449 -30.403990281210547 -98.94798479993023
-29.3151 -98.6779 -30.403990281210547 -98.94798479993023
-26.5616 -79.2565 -25.557349940966976 -83.21292116263774
-26.2876 -78.963 -26.5616 -79.2565
-27.8065 -78.8875 -26.5616 -79.2565
-24.9126 -93.5322 -28.05125844468572 -90.63108486753501
-22.5234 -97.7714 -24.9126 -93.5322
-8.338559979818696 -90.74897216126907 -4.73838 -86.067
-9.79797 -90.6555 -8.338559979818696 -90.74897216126907
-10.3535 -91.1047 -9.79797 -90.6555
-6.72979 -95.046 -8.338559979818696 -90.74897216126907
-3.713489410075943 -95.70532569956384 -6.72979 -95.046
-3.56012 -96.1967 -3.713489410075943 -95.70532569956384
-3.25537 -95.1415 -3.713489410075943 -95.70532569956384
-2.06966 -94.1289 -3.25537 -95.1415
-9.44876 -98.8711 -6.72979 -95.046
2.8239771946928323 -95.38007307369774 -2.06966 -94.1289
4.41269 -93.6687 2.8239771946928323 -95.38007307369774
5.94004 -93.0856 4.41269 -93.6687
6.937625530479949 -92.35325861824205 5.94004 -93.0856
3.69568 -98.7317 2.8239771946928323 -95.38007307369774
7.00504 -88.1979 6.937625530479949 -92.35325861824205
10.7604 -94.6392 6.937625530479949 -92.35325861824205
-9.17868 -60.5453 -13.6183 -64.8051
-7.037808943989071 -58.47137293878425 -9.17868 -60.5453
-7.848062703189061 -55.13303254920993 -7.037808943989071 -58.47137293878425
-6.1003 -53.4785 -7.848062703189061 -55.13303254920993
-10.4372 -54.4475 -7.848062703189061 -55.13303254920993
-2.42899 -60.0873 -7.037808943989071 -58.47137293878425
-3.7730430306637364 -48.67754913734012 -6.1003 -53.4785
-2.9447 -48.5976 -3.7730430306637364 -48.67754913734012
-5.41234 -46.4123 -3.7730430306637364 -48.67754913734012
-9.07414 -46.3984 -5.41234 -46.4123
-9.871937329229246 -45.66364220423728 -9.07414 -46.3984
-9.64485 -44.6705 -9.871937329229246 -45.66364220423728
-14.842479899911886 -47.05134565724813 -9.871937329229246 -45.66364220423728
-15.1328 -48.1972 -14.842479899911886 -47.05134565724813
-17.1413 -45.0824 -14.842479899911886 -47.05134565724813
-18.2747 -45.0263 -17.1413 -45.0824
-23.801035613388315 -46.046722082345774 -18.2747 -45.0263
-24.3268 -47.6443 -23.801035613388315 -46.046722082345774
-25.6181 -43.9422 -23.801035613388315 -46.046722082345774
-28.4949 -41.3913 -25.6181 -43.9422
-30.1391 -39.7912 -28.4949 -41.3913
-31.524501417666816 -37.107538229103355 -30.1391 -39.7912
-33.2433 -37.0793 -31.524501417666816 -37.107538229103355
-35.27618660816099 -37.95719952872644 -33.2433 -37.0793
-35.8761 -37.6025 -35.27618660816099 -37.95719952872644
-35.8512 -42.1441 -35.27618660816099 -37.95719952872644
-35.8777 -42.2691 -35.8512 -42.1441
-29.1347 -33.286 -31.524501417666816 -37.107538229103355
-39.7074 -44.7213 -35.8777 -42.2691
-43.193 -46.1571 -39.7074 -44.7213
-31.6535 -28.4871 -29.1347 -33.286
3.17514 -60.9992 -2.42899 -60.0873
4.338716080331783 -60.754214717548415 3.17514 -60.9992
4.61449 -61.0642 4.338716080331783 -60.754214717548415
6.18612 -63.6038 4.61449 -61.0642
5.48782 -56.7228 4.338716080331783 -60.754214717548415
6.494350244173376 -55.36011408183929 5.48782 -56.7228
8.395503100460369 -55.63318303498945 6.494350244173376 -55.36011408183929
5.53783 -53.1978 6.494350244173376 -55.36011408183929
9.87462 -53.7864 8.395503100460369 -55.63318303498945
9.39497 -58.0875 8.395503100460369 -55.63318303498945
11.9245 -61.1099 9.39497 -58.0875
13.737138168933546 -61.82990602894253 11.9245 -61.1099
15.1358 -60.7385 13.737138168933546 -61.82990602894253
16.533917124957867 -59.812524869115805 15.1358 -60.7385
16.4234 -57.7315 16.533917124957867 -59.812524869115805
13.8907 -64.0424 13.737138168933546 -61.82990602894253
19.3895 -61.3705 16.533917124957867 -59.812524869115805
21.2219 -64.38 19.3895 -61.3705
21.349790148590326 -64.53056862712037 21.2219 -64.38
22.5632 -64.4424 21.349790148590326 -64.53056862712037
10.714699999999999 -66.72869999999999 13.8907 -64.0424
10.7137 -66.7297 10.714699999999999 -66.72869999999999
13.6397 -50.3121 9.87462 -53.7864
14.067452658965014 -50.03266196714708 13.6397 -50.3121
13.9856 -48.4325 14.067452658965014 -50.03266196714708
13.991952600544353 -47.56210485724644 13.9856 -48.4325
15.7967 -46.461 13.991952600544353 -47.56210485724644
11.5577 -46.4165 13.991952600544353 -47.56210485724644
8.64259167688403 -43.44974181551684 11.5577 -46.4165
8.74316 -43.1036 8.64259167688403 -43.44974181551684
6.09791 -43.9793 8.64259167688403 -43.44974181551684
2.88693 -42.1368 6.09791 -43.9793
-0.500479 -41.96 2.88693 -42.1368
17.9416 -52.3566 14.067452658965014 -50.03266196714708
19.4952 -52.9195 17.9416 -52.3566
18.7974 -69.1718 21.349790148590326 -64.53056862712037
25.8538 -60.0486 22.5632 -64.4424
28.4739957545635 -59.84842229927108 25.8538 -60.0486
29.6309 -61.6658 28.4739957545635 -59.84842229927108
32.882022760337485 -64.58166138715606 29.6309 -61.6658
33.6547 -64.3696 32.882022760337485 -64.58166138715606
31.958528553176038 -68.4390638966518 32.882022760337485 -64.58166138715606
30.1868 -68.9957 31.958528553176038 -68.4390638966518
27.84505813374747 -71.48418414838669 30.1868 -68.9957
28.3344 -73.1773 27.84505813374747 -71.48418414838669
25.5414 -71.2298 27.84505813374747 -71.48418414838669
30.5244 -55.6665 28.4739957545635 -59.84842229927108
33.06927764552117 -53.495223225790376 30.5244 -55.6665
35.52738548829171 -54.2877224388821 33.06927764552117 -53.495223225790376
36.7892 -53.0648 35.52738548829171 -54.2877224388821
35.7729 -56.2082 35.52738548829171 -54.2877224388821
32.3189 -50.1672 33.06927764552117 -53.495223225790376
31.76474744214941 -49.12881682959642 32.3189 -50.1672
31.9511 -48.7063 31.76474744214941 -49.12881682959642
37.9311 -59.7826 35.7729 -56.2082
26.5686 -49.1845 31.76474744214941 -49.12881682959642
-31.90320549192387 -22.377635332326445 -31.6535 -28.4871
-31.6661 -22.1913 -31.90320549192387 -22.377635332326445
-34.8331 -21.111 -31.90320549192387 -22.377635332326445
-27.54479294026188 -19.943497215786135 -31.6661 -22.1913
-27.5885 -19.2585 -27.54479294026188 -19.943497215786135
-27.62626808869979 -14.854269497687495 -27.5885 -19.2585
-25.9547 -13.8304 -27.62626808869979 -14.854269497687495
-25.953699999999998 -13.8294 -25.9547 -13.8304
-30.15964860158418 -13.378710633315757 -27.62626808869979 -14.854269497687495
-30.1686 -12.9249 -30.15964860158418 -13.378710633315757
-32.9309 -14.8475 -30.15964860158418 -13.378710633315757
-22.4338 -10.6268 -25.953699999999998 -13.8294
-21.699220048461257 -6.976388649366176 -22.4338 -10.6268
-19.6891 -6.35814 -21.699220048461257 -6.976388649366176
-14.1517 -5.13597 -19.6891 -6.35814
-26.0248 -2.94545 -21.699220048461257 -6.976388649366176
-27.050390680496236 -1.8648851639208703 -26.0248 -2.94545
-28.9485 -2.45656 -27.050390680496236 -1.8648851639208703
-28.9495 -2.45756 -28.9485 -2.45656
-32.22127877860393 -4.149533280170882 -28.9495 -2.45756
-33.3152 -3.55458 -32.22127877860393 -4.149533280170882
-32.3095 -5.93397 -32.22127877860393 -4.149533280170882
-34.8093 -2.54479 -33.3152 -3.55458
-36.2901 -1.55852 -34.8093 -2.54479
-36.79167237250915 0.33086118149905397 -36.2901 -1.55852
-36.1934 0.904579 -36.79167237250915 0.33086118149905397
-39.69225553009339 0.8230122106152525 -36.79167237250915 0.33086118149905397
-40.1525 1.62745 -39.69225553009339 0.8230122106152525
-41.0061 -0.868216 -39.69225553009339 0.8230122106152525
-41.14336913689654 4.111688814826661 -40.1525 1.62745
-44.5604 4.44293 -41.14336913689654 4.111688814826661
-47.1733 3.30629 -44.5604 4.44293
-38.772 7.00231 -41.14336913689654 4.111688814826661
-37.961537354673865 7.858444477724874 -38.772 7.00231
-38.462693741285086 9.676901442693778 -37.961537354673865 7.858444477724874
-38.46169374128509 9.677901442693777 -38.462693741285086 9.676901442693778
-40.7779 9.98944 -38.462693741285086 9.676901442693778
-36.7985 11.3672 -38.46169374128509 9.677901442693777
-36.7975 11.3682 -36.7985 11.3672
-35.3142 6.97524 -37.961537354673865 7.858444477724874
-41.82694161689878 12.67216597903284 -40.7779 9.98944
-41.194 13.4202 -41.82694161689878 12.67216597903284
-46.2829 13.138 -41.82694161689878 12.67216597903284
-47.0517 13.5653 -46.2829 13.138
-33.50401881429482 14.960674658933565 -36.7975 11.3682
-33.765 15.5552 -33.50401881429482 14.960674658933565
-33.7435 18.3788 -33.765 15.5552
-33.74015043697278 18.693964371510894 -33.7435 18.3788
-36.2444 19.6433 -33.74015043697278 18.693964371510894
-37.0378 19.235 -36.2444 19.6433
-29.7808 14.1356 -33.50401881429482 14.960674658933565
-30.5017 21.2003 -33.74015043697278 18.693964371510894
-29.250449950903377 23.34004857697195 -30.5017 21.2003
-28.7332 23.3126 -29.250449950903377 23.34004857697195
-29.6251 23.8244 -29.250449950903377 23.34004857697195
-26.3595 17.1349 -29.7808 14.1356
-23.93296026756278 23.041895649018656 -28.7332 23.3126
-23.5486 22.1461 -23.93296026756278 23.041895649018656
-22.49563260012341 25.677147477085402 -23.93296026756278 23.041895649018656
-20.6689 25.5997 -22.49563260012341 25.677147477085402
-24.538855877834948 29.243500795138875 -22.49563260012341 25.677147477085402
-26.0757 29.1311 -24.538855877834948 29.243500795138875
-23.5174 30.9258 -24.538855877834948 29.243500795138875
-23.3087 31.7731 -23.5174 30.9258
-22.6585 33.7809 -23.3087 31.7731
-21.754538735967994 35.06018462261313 -22.6585 33.7809
-22.4549 36.2692 -21.754538735967994 35.06018462261313
-19.823378585085706 34.97232004387355 -21.754538735967994 35.06018462261313
-19.6504 34.6074 -19.823378585085706 34.97232004387355
-18.1443 37.8268 -19.823378585085706 34.97232004387355
-18.1859 40.035 -18.1443 37.8268
-28.723281372133343 31.5413751752858 -26.0757 29.1311
-29.7802 31.1303 -28.723281372133343 31.5413751752858
-28.3519 33.379 -28.723281372133343 31.5413751752858
-27.52 36.2398 -28.3519 33.379
-26.596 37.7701 -27.52 36.2398
-18.6046 43.7081 -18.1859 40.035
-16.9799 44.9927 -18.6046 43.7081
-16.4553 45.467 -16.9799 44.9927
-16.4543 45.467999999999996 -16.4553 45.467
-14.8996 48.2678 -16.4543 45.467999999999996
-15.150737512656297 49.756332793534725 -14.8996 48.2678
-14.2727 50.6632 -15.150737512656297 49.756332793534725
-16.5085 50.0208 -15.150737512656297 49.756332793534725
-18.65 51.7398 -16.5085 50.0208
-13.2143 54.6405 -14.2727 50.6632
-11.4358 55.5446 -13.2143 54.6405
-11.213408805309715 55.58494307623237 -11.4358 55.5446
-11.1974 55.6438 -11.213408805309715 55.58494307623237
-10.5621 54.6809 -11.213408805309715 55.58494307623237
-8.21725 50.105 -10.5621 54.6809
-5.36193 47.6325 -8.21725 50.105
-2.42175 46.1811 -5.36193 47.6325
0.925393467463546 44.66049570619005 -2.42175 46.1811
2.1651 45.6906 0.925393467463546 44.66049570619005
1.140340729860128 41.916311199907355 0.925393467463546 44.66049570619005
1.8195 41.5652 1.140340729860128 41.916311199907355
-2.6301 39.3991 1.140340729860128 41.916311199907355
-5.21558 36.7819 -2.6301 39.3991
-9.09057 35.2131 -5.21558 36.7819
-10.5017 36.4382 -9.09057 35.2131
-11.382100000000001 36.1123 -10.5017 36.4382
-11.3831 36.1113 -11.382100000000001 36.1123
6.375327964475543 48.31984569669532 2.1651 45.6906
7.25335 47.7917 6.375327964475543 48.31984569669532
6.364360294918327 52.044157196452986 6.375327964475543 48.31984569669532
8.21161 53.0397 6.364360294918327 52.044157196452986
8.21261 53.0407 8.21161 53.0397
9.69637 54.2638 8.21261 53.0407
4.122696505452847 53.39662589979829 6.364360294918327 52.044157196452986
1.95054 52.4349 4.122696505452847 53.39662589979829
4.24519 57.0156 4.122696505452847 53.39662589979829
10.7037 46.0006 7.25335 47.7917
-1.2189499470536656 54.85317051940974 1.95054 52.4349
-1.13557 55.7855 -1.2189499470536656 54.85317051940974
-2.66377 54.4061 -1.2189499470536656 54.85317051940974
15.756613447280534 45.309634080682756 10.7037 46.0006
16.1939 43.8409 15.756613447280534 45.309634080682756
15.9152 42.6559 16.1939 43.8409
13.868 38.1863 15.9152 42.6559
13.013465101776896 34.76903056804265 13.868 38.1863
14.3165 33.5931 13.013465101776896 34.76903056804265
16.7365 31.9027 14.3165 33.5931
16.77387341023627 29.578896445109933 16.7365 31.9027
17.3587 29.1603 16.77387341023627 29.578896445109933
14.8015 28.318 16.77387341023627 29.578896445109933
9.74726 33.4099 13.013465101776896 34.76903056804265
12.302010556517969 25.721525806650614 14.8015 28.318
12.30101055651797 25.720525806650613 12.302010556517969 25.721525806650614
8.92805 26.3685 12.30101055651797 25.720525806650613
13.5501 21.5711 12.30101055651797 25.720525806650613
3.28819 62.369 4.24519 57.0156
-25.618 3.3915 -27.050390680496236 -1.8648851639208703
-25.675043547458376 5.223762777565143 -25.618 3.3915
-26.5671 5.57457 -25.675043547458376 5.223762777565143
-27.0741 5.48406 -26.5671 5.57457
-23.0084 7.03226 -25.675043547458376 5.223762777565143
-49.4563 -1.7756 -47.1733 3.30629
-53.7199 -4.9685 -49.4563 -1.7756
-55.1433 -6.11223 -53.7199 -4.9685
-56.3332807947407 -6.246440281858071 -55.1433 -6.11223
-57.76034172300716 -4.284696070279054 -56.3332807947407 -6.246440281858071
-59.3499 -4.71364 -57.76034172300716 -4.284696070279054
-56.7509 -1.34905 -57.76034172300716 -4.284696070279054
-57.7159 -9.56525 -56.3332807947407 -6.246440281858071
-58.54630046980715 -12.742788085887051 -57.7159 -9.56525
-59.3673 -13.0984 -58.54630046980715 -12.742788085887051
-59.3683 -13.0994 -59.3673 -13.0984
-60.2739 -13.8351 -59.3683 -13.0994
-57.2765 -14.1704 -58.54630046980715 -12.742788085887051
-56.487906146906184 -15.59526250471723 -57.2765 -14.1704
-57.3586 -17.1636 -56.487906146906184 -15.59526250471723
-53.1369 -15.8209 -56.487906146906184 -15.59526250471723
-51.5044 -12.8455 -53.1369 -15.8209
-50.63056143253741 -10.97390807930759 -51.5044 -12.8455
-51.45592288104508 -9.703003178234528 -50.63056143253741 -10.97390807930759
-51.9119 -8.98552 -51.45592288104508 -9.703003178234528
-63.80936302111591 -3.2438979703408215 -59.3499 -4.71364
-64.1524 -1.94799 -63.80936302111591 -3.2438979703408215
-65.3013 -4.44526 -63.80936302111591 -3.2438979703408215
-65.03891251443846 -6.075548147388355 -65.3013 -4.44526
-64.3345 -6.41653 -65.03891251443846 -6.075548147388355
-67.6395 -8.23085 -65.03891251443846 -6.075548147388355
-67.6405 -8.23185 -67.6395 -8.23085
-68.8254 -8.39083 -67.6405 -8.23185
-64.8426 1.36132 -64.1524 -1.94799
-67.7161 3.86733 -64.8426 1.36132
-45.9308 -10.8462 -50.63056143253741 -10.97390807930759
-44.6665 -11.5259 -45.9308 -10.8462
-43.2709 -12.8452 -44.6665 -11.5259
-42.0467 -15.6843 -43.2709 -12.8452
-55.8969 3.86064 -56.7509 -1.34905
-55.00045753195949 6.49562316497136 -55.8969 3.86064
-52.4386 6.99038 -55.00045753195949 6.49562316497136
-56.8348 8.80454 -55.00045753195949 6.49562316497136
-59.6766 8.5649 -56.8348 8.80454
-62.05066027169248 9.798733877416947 -59.6766 8.5649
-63.3885 8.74269 -62.05066027169248 9.798733877416947
-56.6569 -22.6465 -57.3586 -17.1636
-56.67155996696899 -23.48822106830835 -56.6569 -22.6465
-60.11942018313745 -25.263966103232743 -56.67155996696899 -23.48822106830835
-63.1286 -23.5601 -60.11942018313745 -25.263966103232743
-64.126777058613 -23.58334384436723 -63.1286 -23.5601
-65.1992 -25.5683 -64.126777058613 -23.58334384436723
-53.2617 -25.7069 -56.67155996696899 -23.48822106830835
-60.1999 -30.0435 -60.11942018313745 -25.263966103232743
-70.02531634656353 -26.362386562689498 -65.1992 -25.5683
-70.7114 -28.274 -70.02531634656353 -26.362386562689498
-72.0326 -23.9799 -70.02531634656353 -26.362386562689498
-71.0205 -33.1386 -70.7114 -28.274
-70.4037358238388 -34.658654803393574 -71.0205 -33.1386
-72.38670878170863 -37.275971736856 -70.4037358238388 -34.658654803393574
-71.6728 -39.4531 -72.38670878170863 -37.275971736856
-74.8156 -37.0785 -72.38670878170863 -37.275971736856
-78.54219814953011 -38.65674725433633 -74.8156 -37.0785
-79.2405 -37.9662 -78.54219814953011 -38.65674725433633
-81.73188154218151 -34.58244285108011 -79.2405 -37.9662
-80.6923 -31.2773 -81.73188154218151 -34.58244285108011
-64.8841 -35.6156 -70.4037358238388 -34.658654803393574
-18.5127 10.3982 -23.0084 7.03226
-15.4895 13.2365 -18.5127 10.3982
-62.5731 15.5168 -62.05066027169248 9.798733877416947
19.4784 49.8662 15.756613447280534 45.309634080682756
19.479400000000002 49.8672 19.4784 49.8662
22.84875771367375 52.27147362409424 19.479400000000002 49.8672
22.4115 55.2835 22.84875771367375 52.27147362409424
22.439616919462654 57.65230683854541 22.4115 55.2835
24.2494 58.3229 22.439616919462654 57.65230683854541
20.4013 59.2076 22.439616919462654 57.65230683854541
17.469000000000143 60.124399999999724 20.4013 59.2076
17.352 60.0074 17.469000000000143 60.124399999999724
17.351 60.0064 17.352 60.0074
16.883060428202395 62.48329386640008 17.469000000000143 60.124399999999724
14.573299999999993 63.093399999999974 16.883060428202395 62.48329386640008
14.5613 63.0814 14.573299999999993 63.093399999999974
14.1858 64.8519 14.573299999999993 63.093399999999974
26.686 50.5881 22.84875771367375 52.27147362409424
28.439767353153282 51.69894504619452 26.686 50.5881
29.0692 51.3253 28.439767353153282 51.69894504619452
28.333 53.2627 28.439767353153282 51.69894504619452
30.944133054866786 48.70745995840287 29.0692 51.3253
31.9391 48.8228 30.944133054866786 48.70745995840287
34.0051 48.7672 31.9391 48.8228
35.167448815664805 50.264430144277775 34.0051 48.7672
34.5478 51.8393 35.167448815664805 50.264430144277775
37.9415 49.687 35.167448815664805 50.264430144277775
39.02819743855138 49.84123740342835 37.9415 49.687
39.9582 51.6492 39.02819743855138 49.84123740342835
30.570893886779903 56.72329256180543 28.333 53.2627
30.2479 57.2474 30.570893886779903 56.72329256180543
29.175654196407724 44.8372337903392 30.944133054866786 48.70745995840287
26.5877 44.4586 29.175654196407724 44.8372337903392
35.0014 56.7703 30.570893886779903 56.72329256180543
20.2343 65.6863 16.883060428202395 62.48329386640008
20.3275 66.2512 20.2343 65.6863
20.4463 66.9889 20.3275 66.2512
22.449470939733395 68.39067030199654 20.4463 66.9889
24.5628 67.169 22.449470939733395 68.39067030199654
26.9239 66.7296 24.5628 67.169
29.1719 66.2815 26.9239 66.7296
21.8936 71.9021 22.449470939733395 68.39067030199654
22.1875 73.3118 21.8936 71.9021
10.4158 67.7491 14.1858 64.8519
41.79131300984236 45.80040488118217 39.02819743855138 49.84123740342835
43.1285 45.9495 41.79131300984236 45.80040488118217
41.0596 44.1896 41.79131300984236 45.80040488118217
32.2355 40.4559 29.175654196407724 44.8372337903392
20.672756180399812 78.78438034058918 22.1875 73.3118
18.8318 79.4489 20.672756180399812 78.78438034058918
22.104 80.3754 20.672756180399812 78.78438034058918
25.656326506572146 81.02155760948064 22.104 80.3754
26.1383 82.7516 25.656326506572146 81.02155760948064
28.4108 78.0644 25.656326506572146 81.02155760948064
17.6375 17.2782 13.5501 21.5711
17.264284159227397 13.836260866696044 17.6375 17.2782
15.1305 12.6979 17.264284159227397 13.836260866696044
22.2221 10.3659 17.264284159227397 13.836260866696044
22.433259611992753 8.672916462786793 22.2221 10.3659
22.4729 8.64502 22.433259611992753 8.672916462786793
19.7677 6.78097 22.433259611992753 8.672916462786793
17.6238 5.70965 19.7677 6.78097
17.4206 4.87774 17.6238 5.70965
19.3241 3.15829 17.4206 4.87774
21.604 2.7518 19.3241 3.15829
14.3254 4.7569 17.4206 4.87774
24.72491152029148 2.9329256371708183 21.604 2.7518
25.3159 1.90187 24.72491152029148 2.9329256371708183
25.9453 5.1858 24.72491152029148 2.9329256371708183
30.7838 5.38576 25.9453 5.1858
33.433979382712494 5.223143335750112 30.7838 5.38576
33.6154 4.60377 33.433979382712494 5.223143335750112
36.8744 10.0135 33.433979382712494 5.223143335750112
36.62926228635893 11.699262358115202 36.8744 10.0135
37.92065039024508 12.628962134397666 36.62926228635893 11.699262358115202
37.7974 13.0921 37.92065039024508 12.628962134397666
39.8059 11.8218 37.92065039024508 12.628962134397666
41.39951977957917 10.249151884517227 39.8059 11.8218
41.3639 9.93646 41.39951977957917 10.249151884517227
43.49047993007365 11.077351620729722 41.39951977957917 10.249151884517227
44.186 10.5602 43.49047993007365 11.077351620729722
41.1735 7.53928 41.3639 9.93646
33.5247 12.4612 36.62926228635893 11.699262358115202
43.7788 14.3469 43.49047993007365 11.077351620729722
46.5774 8.1111 44.186 10.5602
49.2568 8.35925 46.5774 8.1111
50.6674 9.7813 49.2568 8.35925
54.86525950066415 10.54092907235381 50.6674 9.7813
55.3968 9.8957 54.86525950066415 10.54092907235381
56.0183 13.1612 54.86525950066415 10.54092907235381
40.5979 17.5978 43.7788 14.3469
39.56044651896276 22.902203842600148 40.5979 17.5978
39.56144651896276 22.90320384260015 39.56044651896276 22.902203842600148
41.864 25.3723 39.56144651896276 22.90320384260015
45.0824 25.9087 41.864 25.3723
48.8147 25.3723 45.0824 25.9087
51.5734 26.5114 48.8147 25.3723
34.3296 24.6485 39.56044651896276 22.902203842600148
30.109416030563423 25.995989347793518 34.3296 24.6485
28.878 24.801 30.109416030563423 25.995989347793518
8.52006 -72.4569 10.7137 -66.7297
7.759193343513711 -75.92232631335635 8.52006 -72.4569
5.22466 -76.5126 7.759193343513711 -75.92232631335635
9.903 -77.9736 7.759193343513711 -75.92232631335635
12.2266 -78.1834 9.903 -77.9736
13.952505526586778 -80.24888164236135 12.2266 -78.1834
16.055 -79.9136 13.952505526586778 -80.24888164236135
13.2255 -82.4161 13.952505526586778 -80.24888164236135
0.370749 -74.1914 5.22466 -76.5126
-1.64928 -71.4196 0.370749 -74.1914
28.6053 31.9775 30.109416030563423 25.995989347793518
36.4993 -72.6356 31.958528553176038 -68.4390638966518
37.6911 -74.9269 36.4993 -72.6356
38.261874602074414 -75.66904889951594 37.6911 -74.9269
40.4943 -75.41 38.261874602074414 -75.66904889951594
36.9703 -78.5847 38.261874602074414 -75.66904889951594
38.4062 -80.4907 36.9703 -78.5847
39.07075674087539 -81.9073825938969 38.4062 -80.4907
41.2923 -82.2015 39.07075674087539 -81.9073825938969
37.65403629098788 -83.75020880120334 39.07075674087539 -81.9073825938969
36.3312 -83.5211 37.65403629098788 -83.75020880120334
38.2221 -87.0933 37.65403629098788 -83.75020880120334
38.27658872925501 -89.55212245288735 38.2221 -87.0933
41.354197950434056 -91.15705229170891 38.27658872925501 -89.55212245288735
42.7176 -90.3596 41.354197950434056 -91.15705229170891
41.39 -95.5833 41.354197950434056 -91.15705229170891
33.9409 -92.4572 38.27658872925501 -89.55212245288735
-79.95692960634527 -44.722060118794126 -78.54219814953011 -38.65674725433633
-80.1651 -44.8833 -79.95692960634527 -44.722060118794126
-79.3492 -45.2161 -79.95692960634527 -44.722060118794126
-79.6725 -48.5663 -79.3492 -45.2161
-82.8174 -54.0151 -79.6725 -48.5663
13.7264 83.1375 18.8318 79.4489
13.263422468302394 84.43856203563087 13.7264 83.1375
11.7814 84.7779 13.263422468302394 84.43856203563087
9.3861 83.615 11.7814 84.7779
8.840476423142253 82.95858291729512 9.3861 83.615
9.67303 80.4987 8.840476423142253 82.95858291729512
9.48025 77.2703 9.67303 80.4987
15.9725 87.9743 13.263422468302394 84.43856203563087
15.802001817392977 91.43457120659829 15.9725 87.9743
14.68 92.011 15.802001817392977 91.43457120659829
18.3988 93.0144 15.802001817392977 91.43457120659829
10.8617 90.8032 14.68 92.011
4.2855343850298535 84.18641891871512 8.840476423142253 82.95858291729512
3.5448672779236534 86.50273753110184 4.2855343850298535 84.18641891871512
3.88327 86.9386 3.5448672779236534 86.50273753110184
2.69979 86.6011 3.5448672779236534 86.50273753110184
0.9272545780434844 87.48245388169705 2.69979 86.6011
-1.05195 85.9479 0.9272545780434844 87.48245388169705
2.15524 82.1658 4.2855343850298535 84.18641891871512
0.2347808227217952 79.03788722278789 2.15524 82.1658
1.34954 76.5439 0.2347808227217952 79.03788722278789
-2.70586 79.3048 0.2347808227217952 79.03788722278789
2.0103363270832206 72.95367530064827 1.34954 76.5439
1.19118 72.172 2.0103363270832206 72.95367530064827
3.72577 72.255 2.0103363270832206 72.95367530064827
18.36273704281052 98.04589237127884 18.3988 93.0144
16.3655 99.2118 18.36273704281052 98.04589237127884
20.7949 99.1053 18.36273704281052 98.04589237127884
-7.11084 82.7635 -2.70586 79.3048
-16.6478 -55.7896 -10.4372 -54.4475
-67.4934 -18.1714 -64.126777058613 -23.58334384436723
22.7852 22.9003 28.878 24.801
35.054863811995205 -1.6841382502940683 33.6154 4.60377
35.05386381199521 -1.6851382502940682 35.054863811995205 -1.6841382502940683
36.4098 -2.21137 35.054863811995205 -1.6841382502940683
31.355447696643928 -4.764075855341408 35.05386381199521 -1.6851382502940682
29.299 -4.04428 31.355447696643928 -4.764075855341408
31.6129 -7.19343 31.355447696643928 -4.764075855341408
31.60872126678745 -7.299875535914537 31.6129 -7.19343
32.2711 -7.91317 31.60872126678745 -7.299875535914537
33.1007 -9.62975 32.2711 -7.91317
34.869949905664846 -11.32997983006047 33.1007 -9.62975
34.5989 -12.1753 34.869949905664846 -11.32997983006047
33.9625 -14.8948 34.5989 -12.1753
33.85059905367345 -15.18697899888118 33.9625 -14.8948
34.9386 -16.6407 33.85059905367345 -15.18697899888118
31.047 -15.9113 33.85059905367345 -15.18697899888118
38.7852 -10.2559 34.869949905664846 -11.32997983006047
26.647 -16.6516 31.047 -15.9113
27.2642 -9.10432 31.60872126678745 -7.299875535914537
22.105786174561757 -19.63352485508175 26.647 -16.6516
22.1989 -22.1849 22.105786174561757 -19.63352485508175
19.1483 -18.296 22.105786174561757 -19.63352485508175
18.428091214586015 -16.62726930485356 19.1483 -18.296
20.6118 -13.4353 18.428091214586015 -16.62726930485356
13.88781555064816 -16.499026407639082 18.428091214586015 -16.62726930485356
13.2394 -15.4799 13.88781555064816 -16.499026407639082
12.9797 -18.2467 13.88781555064816 -16.499026407639082
12.121263373560167 -19.49127963366576 12.9797 -18.2467
11.0905 -19.4433 12.121263373560167 -19.49127963366576
45.0051 -9.86087 38.7852 -10.2559
45.40636917184854 -9.228710804605246 45.0051 -9.86087
45.9904 -9.42238 45.40636917184854 -9.228710804605246
46.652574414436444 -9.197627995365519 45.9904 -9.42238
46.6847 -9.02094 46.652574414436444 -9.197627995365519
45.0469 -8.45351 45.40636917184854 -9.228710804605246
45.7847 -5.10944 45.0469 -8.45351
50.342 -12.6723 46.652574414436444 -9.197627995365519
49.90886452190329 -1.0117696537524599 45.7847 -5.10944
49.6585 -0.303976 49.90886452190329 -1.0117696537524599
-88.1634 -35.4186 -81.73188154218151 -34.58244285108011
-94.16269680255189 -34.059753856194654 -88.1634 -35.4186
-95.4647 -29.9264 -94.16269680255189 -34.059753856194654
-93.0058 -26.2782 -95.4647 -29.9264
-31.8334 -73.6955 -27.8065 -78.8875
-36.26113781997259 -73.28667884907412 -31.8334 -73.6955
-36.7644 -74.0495 -36.26113781997259 -73.28667884907412
-38.495 -68.9883 -36.26113781997259 -73.28667884907412
-38.81746729583015 -68.0264002452281 -38.495 -68.9883
-38.81646729583015 -68.0254002452281 -38.81746729583015 -68.0264002452281
-37.9345 -66.9914 -38.81646729583015 -68.0254002452281
-40.5956 -67.9452 -38.81746729583015 -68.0264002452281
-42.713116710274825 -67.3989521447132 -40.5956 -67.9452
-43.3335 -68.1307 -42.713116710274825 -67.3989521447132
-43.4345 -65.7546 -42.713116710274825 -67.3989521447132
-47.0708 -64.8383 -43.4345 -65.7546
-48.5627 -63.7682 -47.0708 -64.8383
-49.991806785856404 -64.00343177178115 -48.5627 -63.7682
-51.27530420143327 -62.57354032507564 -49.991806785856404 -64.00343177178115
-52.4284 -62.8245 -51.27530420143327 -62.57354032507564
-50.9146 -67.0631 -49.991806785856404 -64.00343177178115
-49.2677 -57.0681 -51.27530420143327 -62.57354032507564
-45.8597 -56.2751 -49.2677 -57.0681
-54.5023 -71.7641 -50.9146 -67.0631
-55.38140515970908 -72.1445563915922 -54.5023 -71.7641
-55.6687 -71.8579 -55.38140515970908 -72.1445563915922
-55.48771664637468 -73.00017798899532 -55.38140515970908 -72.1445563915922
-55.8722 -73.2887 -55.48771664637468 -73.00017798899532
-53.1761 -74.5679 -55.48771664637468 -73.00017798899532
-61.05342961360901 -76.2990477328728 -55.8722 -73.2887
-62.3448 -75.4986 -61.05342961360901 -76.2990477328728
-61.0695 -79.6643 -61.05342961360901 -76.2990477328728
-60.2499 -82.1318 -61.0695 -79.6643
-65.64632970941591 -73.80588620305558 -62.3448 -75.4986
-67.9834 -75.2302 -65.64632970941591 -73.80588620305558
-70.6672 -77.9436 -67.9834 -75.2302
-74.23169498220265 -77.84900895158704 -70.6672 -77.9436
-75.9101 -75.386 -74.23169498220265 -77.84900895158704
-75.58483171345493 -73.61346180312711 -75.9101 -75.386
-74.7938 -73.3413 -75.58483171345493 -73.61346180312711
-75.7993 -80.6268 -74.23169498220265 -77.84900895158704
-77.6516543306318 -80.98925087466158 -75.7993 -80.6268
-78.07748030559122 -83.11317705538991 -77.6516543306318 -80.98925087466158
-78.1708 -83.1522 -78.07748030559122 -83.11317705538991
-77.8761 -83.2907 -78.07748030559122 -83.11317705538991
-77.96701135249214 -71.26067291591656 -75.58483171345493 -73.61346180312711
-78.5372 -71.5488 -77.96701135249214 -71.26067291591656
-80.0269 -78.4522 -77.6516543306318 -80.98925087466158
-76.7116 -66.9187 -77.96701135249214 -71.26067291591656
-66.1781 -68.5691 -65.64632970941591 -73.80588620305558
-68.0485 -66.8145 -66.1781 -68.5691
-68.31141127354432 -66.6291094317855 -68.0485 -66.8145
-68.4538 -64.6239 -68.31141127354432 -66.6291094317855
-69.1244 -62.5842 -68.4538 -64.6239
-70.1497 -68.084 -68.31141127354432 -66.6291094317855
-70.9014 -61.0516 -69.1244 -62.5842
-71.00011274196765 -58.65745200062663 -70.9014 -61.0516
-69.2791 -57.6962 -71.00011274196765 -58.65745200062663
-68.4199899628863 -57.59755983651364 -69.2791 -57.6962
-67.2127 -59.1694 -68.4199899628863 -57.59755983651364
-65.6638 -61.7387 -67.2127 -59.1694
-67.3922 -54.7728 -68.4199899628863 -57.59755983651364
-67.3912 -54.7718 -67.3922 -54.7728
-66.31704910784447 -53.76829233615865 -67.3912 -54.7718
-66.5461 -53.4265 -66.31704910784447 -53.76829233615865
-64.80033661411173 -54.21883559913366 -66.31704910784447 -53.76829233615865
-64.623 -55.9154 -64.80033661411173 -54.21883559913366
-63.1575 -52.8802 -64.80033661411173 -54.21883559913366
-73.9145 -57.4497 -71.00011274196765 -58.65745200062663
-68.2291 -49.8605 -66.5461 -53.4265
-59.1815 -53.5727 -63.1575 -52.8802
-56.1696 -50.2492 -59.1815 -53.5727
-52.752826045763115 -48.263270757575285 -56.1696 -50.2492
-52.8332 -47.3695 -52.752826045763115 -48.263270757575285
-52.53924798590475 -45.97844032624645 -52.8332 -47.3695
-51.14 -45.5114 -52.53924798590475 -45.97844032624645
-51.3978 -49.0874 -52.752826045763115 -48.263270757575285
-55.3623 -43.9776 -52.53924798590475 -45.97844032624645
-56.250118547143735 -43.197384882257126 -55.3623 -43.9776
-56.0256 -41.5595 -56.250118547143735 -43.197384882257126
-59.237110885085016 -44.480365405402715 -56.250118547143735 -43.197384882257126
-60.1819 -43.7429 -59.237110885085016 -44.480365405402715
-59.5361 -46.6595 -59.237110885085016 -44.480365405402715
-64.716 -44.1014 -60.1819 -43.7429
-66.6986 -45.0186 -64.716 -44.1014
-85.3923 -78.0146 -80.0269 -78.4522
-87.39453417781904 -78.11231075339542 -85.3923 -78.0146
-88.77294308326694 -76.41221251199507 -87.39453417781904 -78.11231075339542
-89.7647 -76.5052 -88.77294308326694 -76.41221251199507
-88.1306 -74.5526 -88.77294308326694 -76.41221251199507
-88.7961 -80.5727 -87.39453417781904 -78.11231075339542
-90.68915877686372 -82.6669924988117 -88.7961 -80.5727
-90.3471 -84.2118 -90.68915877686372 -82.6669924988117
-88.98066792937952 -69.96431700710278 -88.1306 -74.5526
-87.7518 -68.7769 -88.98066792937952 -69.96431700710278
-90.6798 -69.359 -88.98066792937952 -69.96431700710278
-85.3633 -66.0078 -87.7518 -68.7769
-93.7192 -65.8408 -90.6798 -69.359
-68.3461 18.6995 -62.5731 15.5168
-69.58955343758767 18.807315252234122 -68.3461 18.6995
-70.2425 20.0265 -69.58955343758767 18.807315252234122
-70.40518067133513 20.397121950940914 -70.2425 20.0265
-69.9212 21.1279 -70.40518067133513 20.397121950940914
-69.7845 22.963 -69.9212 21.1279
-73.1838 20.4682 -70.40518067133513 20.397121950940914
-74.8724142351873 22.00081883440123 -73.1838 20.4682
-74.8134 22.8251 -74.8724142351873 22.00081883440123
-71.4695 16.0743 -69.58955343758767 18.807315252234122
-71.3511 15.3276 -71.4695 16.0743
-66.4143 26.8462 -69.7845 22.963
-62.9577212498129 28.551282791961967 -66.4143 26.8462
-61.2491 27.2201 -62.9577212498129 28.551282791961967
-58.70413583963744 27.78595520783798 -61.2491 27.2201
-58.2229 28.8572 -58.70413583963744 27.78595520783798
-57.2906 25.9144 -58.70413583963744 27.78595520783798
-54.8603 30.5909 -58.2229 28.8572
-62.6351 32.9378 -62.9577212498129 28.551282791961967
-66.3035 36.673 -62.6351 32.9378
-68.8425516272156 37.76410205243343 -66.3035 36.673
-69.1139 39.565 -68.8425516272156 37.76410205243343
-70.81593117966352 36.32130886347502 -68.8425516272156 37.76410205243343
-70.8014 36.1487 -70.81593117966352 36.32130886347502
-71.7317 36.6513 -70.81593117966352 36.32130886347502
-52.6334 35.5665 -54.8603 30.5909
-50.8593 39.252 -52.6334 35.5665
-50.506835120380174 39.915124528788596 -50.8593 39.252
-52.0178 41.9639 -50.506835120380174 39.915124528788596
-53.45477939980472 43.8739874004982 -52.0178 41.9639
-53.6209 43.831 -53.45477939980472 43.8739874004982
-52.9346 45.0583 -53.45477939980472 43.8739874004982
-53.47859987195898 47.097335688514285 -52.9346 45.0583
-56.2404 48.0308 -53.47859987195898 47.097335688514285
-47.25141079937225 40.20494367937405 -50.506835120380174 39.915124528788596
-47.2033 40.3535 -47.25141079937225 40.20494367937405
-46.29080133257486 42.110725900218235 -47.2033 40.3535
-44.6706 42.09 -46.29080133257486 42.110725900218235
-47.46555614799138 44.00099936193523 -46.29080133257486 42.110725900218235
-48.1002 43.9494 -47.46555614799138 44.00099936193523
-45.7704 37.919 -47.25141079937225 40.20494367937405
-42.466 36.9121 -45.7704 37.919
-41.10261407154954 33.921935976039 -42.466 36.9121
-45.7136 47.257 -47.46555614799138 44.00099936193523
-45.29037149635636 47.70175234066345 -45.7136 47.257
-44.8247 47.5609 -45.29037149635636 47.70175234066345
-45.5729 48.4004 -45.29037149635636 47.70175234066345
-50.6541 50.0385 -53.47859987195898 47.097335688514285
-49.52449116037153 53.411285983673324 -50.6541 50.0385
-49.9689 53.8875 -49.52449116037153 53.411285983673324
-47.2508 53.9569 -49.52449116037153 53.411285983673324
-50.981603185963955 57.22271716801443 -49.9689 53.8875
-49.8508 58.2313 -50.981603185963955 57.22271716801443
-53.1531 57.7408 -50.981603185963955 57.22271716801443
-54.67386365970606 59.35182529498061 -53.1531 57.7408
-54.4784 60.726 -54.67386365970606 59.35182529498061
-54.343189930947936 61.220551710748104 -54.4784 60.726
-57.2168 58.556 -54.67386365970606 59.35182529498061
-50.7704 62.2401 -54.343189930947936 61.220551710748104
-37.0602 33.3713 -41.10261407154954 33.921935976039
-44.0616 30.493 -41.10261407154954 33.921935976039
-43.5688 56.773 -47.2508 53.9569
-43.5561 58.3965 -43.5688 56.773
-40.88569511640388 60.26164316999823 -43.5561 58.3965
-41.0414 62.7245 -40.88569511640388 60.26164316999823
-38.4949 59.0029 -40.88569511640388 60.26164316999823
-38.4282 56.4261 -38.4949 59.0029
-40.04304556874202 65.9096697156202 -41.0414 62.7245
-38.7877 66.1366 -40.04304556874202 65.9096697156202
-40.0892 52.0198 -38.4282 56.4261
-58.1881 64.9811 -54.343189930947936 61.220551710748104
-60.083268577264235 67.20560457207613 -58.1881 64.9811
-62.9252 67.0208 -60.083268577264235 67.20560457207613
-59.018281109493564 70.14974698780611 -60.083268577264235 67.20560457207613
-57.5681 70.3842 -59.018281109493564 70.14974698780611
-54.9615 73.111 -57.5681 70.3842
-61.4783 73.2369 -59.018281109493564 70.14974698780611
-61.6313 73.8562 -61.4783 73.2369
-62.0903 76.1568 -61.6313 73.8562
-64.43027502106604 77.02404012023817 -62.0903 76.1568
-65.6827 75.8681 -64.43027502106604 77.02404012023817
-65.0293 80.1182 -64.43027502106604 77.02404012023817
-68.97019217950675 75.82009218718844 -65.6827 75.8681
-70.3219 73.5028 -68.97019217950675 75.82009218718844
-72.7538 70.9066 -70.3219 73.5028
-75.9647 70.8473 -72.7538 70.9066
-76.1433274634584 70.87584713757443 -75.9647 70.8473
-77.3084 68.9062 -76.1433274634584 70.87584713757443
-77.47518420483966 67.96870440773118 -77.3084 68.9062
-75.3111 66.2193 -77.47518420483966 67.96870440773118
-77.40928456166017 73.37304561086475 -76.1433274634584 70.87584713757443
-77.9702 73.261 -77.40928456166017 73.37304561086475
-76.8787 74.2568 -77.40928456166017 73.37304561086475
-81.1597 73.1806 -77.9702 73.261
-82.3941313569293 74.94192562660832 -81.1597 73.1806
-82.0294 75.812 -82.3941313569293 74.94192562660832
-71.83082759739874 79.90331495152736 -68.97019217950675 75.82009218718844
-71.5958 80.3347 -71.83082759739874 79.90331495152736
-72.6012 79.8535 -71.83082759739874 79.90331495152736
-73.1091 83.0983 -71.5958 80.3347
-70.7609 86.5687 -73.1091 83.0983
-68.9172 89.0501 -70.7609 86.5687
-68.82093009190206 90.17898579633761 -68.9172 89.0501
-70.3697 91.0818 -68.82093009190206 90.17898579633761
-71.7491 91.4631 -70.3697 91.0818
-72.22015227095764 93.1512362122386 -71.7491 91.4631
-73.6107 93.6883 -72.22015227095764 93.1512362122386
-70.82022728862609 94.80710132853788 -72.22015227095764 93.1512362122386
-70.2593 94.6203 -70.82022728862609 94.80710132853788
-72.0064 97.9055 -70.82022728862609 94.80710132853788
-65.1611 91.783 -68.82093009190206 90.17898579633761
-60.384 92.632 -65.1611 91.783
-58.94057556128632 93.93941187407358 -60.384 92.632
-58.5582 93.844 -58.94057556128632 93.93941187407358
-55.9219 92.1912 -58.5582 93.844
-87.5563 74.5952 -82.3941313569293 74.94192562660832
-88.56010668208577 75.55558656001102 -87.5563 74.5952
-89.1406 75.3393 -88.56010668208577 75.55558656001102
-92.268 73.5777 -89.1406 75.3393
-87.8871 79.5313 -88.56010668208577 75.55558656001102
-95.5498 71.2122 -92.268 73.5777
-51.8413 95.4231 -55.9219 92.1912
-75.8619 12.0649 -71.3511 15.3276
-96.0748 65.5646 -95.5498 71.2122
-95.4074396540874 62.97105195909244 -96.0748 65.5646
-93.6323 62.461 -95.4074396540874 62.97105195909244
-98.91303795332682 58.95696555280232 -95.4074396540874 62.97105195909244
-99.3542 59.0705 -98.91303795332682 58.95696555280232
-60.6697 99.4307 -58.94057556128632 93.93941187407358
-96.81481150463816 53.404927162474095 -98.91303795332682 58.95696555280232
-97.3715 52.7248 -96.81481150463816 53.404927162474095
-94.3754 52.9535 -96.81481150463816 53.404927162474095
-88.9442 55.1761 -94.3754 52.9535
-86.74810900792647 55.46950712386409 -88.9442 55.1761
-85.2978 58.8556 -86.74810900792647 55.46950712386409
-84.5351 52.4688 -86.74810900792647 55.46950712386409
-80.5673 20.1224 -74.8724142351873 22.00081883440123
-85.2576 19.7559 -80.5673 20.1224
-87.4228 19.5913 -85.2576 19.7559
-89.2546 19.8388 -87.4228 19.5913
-91.1042800791403 21.719745390036127 -89.2546 19.8388
-91.1201 22.1983 -91.1042800791403 21.719745390036127
-92.2342 21.3861 -91.1042800791403 21.719745390036127
-93.39002516102806 21.029893684539463 -92.2342 21.3861
-94.7321 17.2032 -93.39002516102806 21.029893684539463
-93.3892 14.331 -94.7321 17.2032
-96.4111 24.2091 -93.39002516102806 21.029893684539463
-97.27627109905097 24.723283462525288 -96.4111 24.2091
-99.8242 23.2701 -97.27627109905097 24.723283462525288
-89.30909873369289 10.671740911118212 -93.3892 14.331
-89.76162251806447 8.029860975026368 -89.30909873369289 10.671740911118212
-91.1251 7.69822 -89.76162251806447 8.029860975026368
-87.9517 6.37204 -89.76162251806447 8.029860975026368
-86.9612 4.99748 -87.9517 6.37204
-86.72223235230067 4.009571685241661 -86.9612 4.99748
-86.9287 3.83497 -86.72223235230067 4.009571685241661
-84.00812867127843 3.119135396441606 -86.72223235230067 4.009571685241661
-81.6933 5.26002 -84.00812867127843 3.119135396441606
-83.4805 -0.0329667 -84.00812867127843 3.119135396441606
-81.8534 -1.20466 -83.4805 -0.0329667
-80.76506396733156 -1.7760084324021719 -81.8534 -1.20466
-80.7985 -3.31461 -80.76506396733156 -1.7760084324021719
-84.8451 12.3118 -89.30909873369289 10.671740911118212
-76.3205 1.0118 -80.76506396733156 -1.7760084324021719
-97.62902690287562 30.74696878738491 -97.27627109905097 24.723283462525288
-96.2168 31.7187 -97.62902690287562 30.74696878738491
-99.6671 31.7228 -97.62902690287562 30.74696878738491
-92.62064691089414 34.534322467539674 -96.2168 31.7187
-92.7265 36.3332 -92.62064691089414 34.534322467539674
-93.5948837422074 40.250602152880425 -92.7265 36.3332
-96.1815 41.3071 -93.5948837422074 40.250602152880425
-88.008 32.2851 -92.62064691089414 34.534322467539674
-87.9715 30.2589 -88.008 32.2851
-87.3864 29.5746 -87.9715 30.2589
-89.2611 44.3743 -93.5948837422074 40.250602152880425
-85.73836138405267 43.35679859371962 -89.2611 44.3743
-85.6037 42.9528 -85.73836138405267 43.35679859371962
-85.4262 43.7839 -85.73836138405267 43.35679859371962
-83.5302 39.8002 -85.6037 42.9528
-51.180314075667916 78.18534754767562 -54.9615 73.111
-49.9288 78.0906 -51.180314075667916 78.18534754767562
-52.87775519433169 81.36236067022155 -51.180314075667916 78.18534754767562
-53.8946 81.4772 -52.87775519433169 81.36236067022155
-50.744205572244915 84.80948799891263 -52.87775519433169 81.36236067022155
-49.8691 84.6123 -50.744205572244915 84.80948799891263
-51.10441696377832 85.97039332924115 -50.744205572244915 84.80948799891263
-51.3543 85.978 -51.10441696377832 85.97039332924115
-50.9085 86.2589 -51.10441696377832 85.97039332924115
-48.947053284186104 87.32586485068798 -50.9085 86.2589
-49.0085 87.9451 -48.947053284186104 87.32586485068798
-46.7426 85.8643 -48.947053284186104 87.32586485068798
-43.5629520030772 87.5001184651467 -46.7426 85.8643
-41.7668 86.195 -43.5629520030772 87.5001184651467
-43.5538 89.8788 -43.5629520030772 87.5001184651467
-39.7221 93.4076 -43.5538 89.8788
-44.105 78.729 -49.9288 78.0906
-39.50770483968262 78.83833205618392 -44.105 78.729
-38.7356 77.7144 -39.50770483968262 78.83833205618392
-38.8383 80.1703 -39.50770483968262 78.83833205618392
-34.9438 81.6418 -38.8383 80.1703
-34.1888 95.436 -39.7221 93.4076
-33.4263 96.9844 -34.1888 95.436
-31.324468175213354 97.5409756927849 -33.4263 96.9844
-30.6983 99.0916 -31.324468175213354 97.5409756927849
-29.3087 95.1576 -31.324468175213354 97.5409756927849
-29.2738 90.6946 -29.3087 95.1576
-27.2350715136805 88.7178164459089 -29.2738 90.6946
-27.5833 87.0483 -27.2350715136805 88.7178164459089
-24.2324 89.5699 -27.2350715136805 88.7178164459089
-20.5227 85.7577 -24.2324 89.5699
-19.55677806201194 82.79048743031697 -20.5227 85.7577
-20.1384 82.1706 -19.55677806201194 82.79048743031697
-17.6284 82.1475 -19.55677806201194 82.79048743031697
-17.627399999999998 82.1485 -17.6284 82.1475
-13.9108 85.1006 -17.627399999999998 82.1485
-13.613 89.9504 -13.9108 85.1006
-16.6321 93.1673 -13.613 89.9504
-18.0084 94.848 -16.6321 93.1673
-19.452 99.0801 -18.0084 94.848
-44.2873 70.7596 -40.04304556874202 65.9096697156202
-83.6525 65.7416 -77.47518420483966 67.96870440773118
-80.09 92.5844 -73.6107 93.6883
-82.93081344208439 92.7322435396874 -80.09 92.5844
-83.9294 94.6692 -82.93081344208439 92.7322435396874
-85.2446 88.7978 -82.93081344208439 92.7322435396874
-87.9475 88.8385 -85.2446 88.7978
-89.9037 88.8904 -87.9475 88.8385
-91.01837299371674 89.22154496163886 -89.9037 88.8904
-93.0002 86.4315 -91.01837299371674 89.22154496163886
-93.1514 95.4477 -91.01837299371674 89.22154496163886
-26.4888 80.3667 -20.1384 82.1706
-27.4814 77.3199 -26.4888 80.3667
-26.275 71.5391 -27.4814 77.3199
-27.52443340884707 69.8144665261734 -26.275 71.5391
-28.2653 69.8166 -27.52443340884707 69.8144665261734
-33.2046 72.7063 -28.2653 69.8166
-24.87397514018281 64.28627449789039 -27.52443340884707 69.8144665261734
-25.1501 63.9054 -24.87397514018281 64.28627449789039
-20.3713 63.9452 -24.87397514018281 64.28627449789039
-18.478479919342384 63.92388833937857 -20.3713 63.9452
-18.0491 62.8563 -18.478479919342384 63.92388833937857
-16.246989855547255 66.79005850827406 -18.478479919342384 63.92388833937857
-16.9211 68.3021 -16.246989855547255 66.79005850827406
-13.6678 66.2774 -16.246989855547255 66.79005850827406
-9.748234845203534 66.7526560180383 -13.6678 66.2774
-8.84968 68.7951 -9.748234845203534 66.7526560180383
-7.551 63.5123 -9.748234845203534 66.7526560180383
-6.56546 63.492 -7.551 63.5123
-28.4656 59.807 -25.1501 63.9054
-99.2363 84.1871 -93.0002 86.4315
-21.8134 -23.3238 -27.54479294026188 -19.943497215786135
-17.412391019484502 -25.28381720405121 -21.8134 -23.3238
-15.1733 -23.8783 -17.412391019484502 -25.28381720405121
-12.10099353573447 -21.497478625656917 -15.1733 -23.8783
-17.069010231455337 -29.171905528891703 -17.412391019484502 -25.28381720405121
-17.07001023145534 -29.172905528891704 -17.069010231455337 -29.171905528891703
-17.5579 -29.6262 -17.07001023145534 -29.172905528891704
-12.4788752396012 -17.218099193753766 -12.10099353573447 -21.497478625656917
-12.4768752396012 -17.216099193753763 -12.4788752396012 -17.218099193753766
-14.3695 -16.4883 -12.4788752396012 -17.218099193753766
-8.04745 -23.4357 -12.10099353573447 -21.497478625656917
-7.71332 -13.8492 -12.4768752396012 -17.216099193753763
-6.8118833790557005 -12.442636518461109 -7.71332 -13.8492
-6.97396 -12.2 -6.8118833790557005 -12.442636518461109
-4.45365 -12.7177 -6.8118833790557005 -12.442636518461109
-3.8282966133877223 -13.14970464854291 -4.45365 -12.7177
-4.44826 -15.9897 -3.8282966133877223 -13.14970464854291
0.454946 -11.7374 -3.8282966133877223 -13.14970464854291
2.1833954250417533 -10.458908341781795 0.454946 -11.7374
2.93189 -10.7953 2.1833954250417533 -10.458908341781795
1.837106263250965 -7.979722424202907 2.1833954250417533 -10.458908341781795
0.946123 -7.70809 1.837106263250965 -7.979722424202907
3.5191 -6.55824 1.837106263250965 -7.979722424202907
3.359472067796368 -4.846233895790001 3.5191 -6.55824
3.9977 -4.43914 3.359472067796368 -4.846233895790001
6.55396188742801 -2.997627658490641 3.9977 -4.43914
6.51255 -2.74241 6.55396188742801 -2.997627658490641
-0.0685338 -3.22543 3.359472067796368 -4.846233895790001
-1.94559 0.635462 -0.0685338 -3.22543
-6.60652 3.49644 -1.94559 0.635462
11.782470046242 -5.927265771689366 6.55396188742801 -2.997627658490641
11.783470046242 -5.926265771689366 11.782470046242 -5.927265771689366
11.6465 -7.40197 11.782470046242 -5.927265771689366
13.798 -4.79593 11.783470046242 -5.926265771689366
17.0363 -5.04498 13.798 -4.79593
-45.7858 98.3244 -51.8413 95.4231
-50.6053 19.3446 -47.0517 13.5653
-99.6685 97.3766 -93.1514 95.4477
28.5958 -97.0099 33.9409 -92.4572
25.3648 -96.5544 28.5958 -97.0099
22.722835359997813 -97.26324549845683 25.3648 -96.5544
22.5503 -99.2176 22.722835359997813 -97.26324549845683
18.3176 -93.6722 22.722835359997813 -97.26324549845683
18.3896 -88.0691 18.3176 -93.6722
-98.5325 -39.5618 -94.16269680255189 -34.059753856194654
46.3165 55.0291 39.9582 51.6492
49.8503 53.8228 46.3165 55.0291
53.181995392276264 56.78837455326679 49.8503 53.8228
54.9572 56.3172 53.181995392276264 56.78837455326679
59.4765 56.435 54.9572 56.3172
52.397155101131844 61.40446924301617 53.181995392276264 56.78837455326679
53.872 62.6094 52.397155101131844 61.40446924301617
47.411 62.8576 52.397155101131844 61.40446924301617
42.8143 62.4825 47.411 62.8576
41.0199 64.2876 42.8143 62.4825
40.51363515133546 64.98686470721908 41.0199 64.2876
37.5178 64.478 40.51363515133546 64.98686470721908
37.2862 64.5597 37.5178 64.478
41.6958 67.9113 40.51363515133546 64.98686470721908
42.894638235039764 68.9068784396555 41.6958 67.9113
46.1722 67.5137 42.894638235039764 68.9068784396555
42.3129 72.7286 42.894638235039764 68.9068784396555
41.09757314818321 73.65409530439426 42.3129 72.7286
38.2459 72.3591 41.09757314818321 73.65409530439426
41.8399 78.1013 41.09757314818321 73.65409530439426
56.8767 -2.9948 49.90886452190329 -1.0117696537524599
59.299578318935005 -3.433036433950657 56.8767 -2.9948
60.9825 -1.63185 59.299578318935005 -3.433036433950657
60.7178 -8.73361 59.299578318935005 -3.433036433950657
61.33 -12.0549 60.7178 -8.73361
62.6565 -17.834 61.33 -12.0549
61.271 -19.8954 62.6565 -17.834
59.664651463457844 -22.34103887607196 61.271 -19.8954
60.7591 -24.6077 59.664651463457844 -22.34103887607196
63.939838867776366 -25.826154351334633 60.7591 -24.6077
64.1452 -27.6799 63.939838867776366 -25.826154351334633
65.741 -24.5642 63.939838867776366 -25.826154351334633
66.3102 -21.3098 65.741 -24.5642
55.018074644593575 -22.210101246116164 59.664651463457844 -22.34103887607196
54.1236 -20.7024 55.018074644593575 -22.210101246116164
52.4644 -26.5901 55.018074644593575 -22.210101246116164
51.17121856185717 -26.985910624778818 52.4644 -26.5901
51.0843 -27.4639 51.17121856185717 -26.985910624778818
49.06164393929789 -25.224326403761093 51.17121856185717 -26.985910624778818
49.1044 -24.992 49.06164393929789 -25.224326403761093
51.5242 -31.0847 51.0843 -27.4639
50.506730115882775 -33.33562007122744 51.5242 -31.0847
48.8149 -33.5855 50.506730115882775 -33.33562007122744
52.3455 -35.8618 50.506730115882775 -33.33562007122744
45.0697 -26.7373 49.06164393929789 -25.224326403761093
39.68773528370932 -27.29679565845373 45.0697 -26.7373
38.6456 -29.6462 39.68773528370932 -27.29679565845373
38.574857765454595 -30.70459011416443 38.6456 -29.6462
39.9278 -31.6304 38.574857765454595 -30.70459011416443
37.5156 -24.5031 39.68773528370932 -27.29679565845373
34.9222 -32.2133 38.574857765454595 -30.70459011416443
67.4635 -32.1444 64.1452 -27.6799
67.0069 -33.4723 67.4635 -32.1444
30.395652454878725 -36.19417812540002 34.9222 -32.2133
30.4117 -36.4921 30.395652454878725 -36.19417812540002
28.2752 -35.5699 30.395652454878725 -36.19417812540002
26.3527 -34.1131 28.2752 -35.5699
67.0133 1.27801 60.9825 -1.63185
67.0774727866182 1.827741656111597 67.0133 1.27801
66.8677 1.93165 67.0774727866182 1.827741656111597
69.1963 2.65474 67.0774727866182 1.827741656111597
71.22538388945428 4.684589308224709 69.1963 2.65474
72.5984 4.17776 71.22538388945428 4.684589308224709
73.5983 3.41396 72.5984 4.17776
70.14075087021719 9.662042115486155 71.22538388945428 4.684589308224709
70.3299 9.84569 70.14075087021719 9.662042115486155
69.2651 9.86047 70.14075087021719 9.662042115486155
14.8662 -26.2432 12.121263373560167 -19.49127963366576
14.3783 -29.5879 14.8662 -26.2432
14.6366 -33.8483 14.3783 -29.5879
14.639808160681758 -34.00738282807909 14.6366 -33.8483
15.3552 -34.5545 14.639808160681758 -34.00738282807909
12.7967 -34.9475 14.639808160681758 -34.00738282807909
7.406824416354726 -33.9296444575804 12.7967 -34.9475
7.30565 -34.0842 7.406824416354726 -33.9296444575804
7.19127 -33.4143 7.406824416354726 -33.9296444575804
4.56154 -31.2365 7.19127 -33.4143
2.57854 -27.2767 4.56154 -31.2365
-96.7851 -59.2173 -93.7192 -65.8408
-14.3171 21.8638 -20.6689 25.5997
-8.38383891963166 21.008507006632616 -14.3171 21.8638
-7.38826 17.8838 -8.38383891963166 21.008507006632616
-5.36159 24.7859 -8.38383891963166 21.008507006632616
-3.84968 12.8226 -7.38826 17.8838
2.524165713400488 11.363991094533556 -3.84968 12.8226
3.05809 9.96274 2.524165713400488 11.363991094533556
6.28546 14.8721 2.524165713400488 11.363991094533556
58.954 26.9435 51.5734 26.5114
60.63119290352346 30.231511882039417 58.954 26.9435
60.6146 30.2507 60.63119290352346 30.231511882039417
62.26647018350488 30.204233695410583 60.63119290352346 30.231511882039417
63.2422 28.3407 62.26647018350488 30.204233695410583
64.9395 26.5477 63.2422 28.3407
65.69868160959682 25.870828237049356 64.9395 26.5477
66.1244 25.9772 65.69868160959682 25.870828237049356
58.9762 33.1946 60.6146 30.2507
63.841 33.4209 62.26647018350488 30.204233695410583
67.284 36.1124 63.841 33.4209
67.28500000000001 36.1134 67.284 36.1124
67.47700000000044 36.305399999999786 67.28500000000001 36.1134
67.2413 37.4829 67.47700000000044 36.305399999999786
68.9281 35.7419 67.47700000000044 36.305399999999786
65.34259452931013 40.1717444419572 67.2413 37.4829
62.6761 39.8955 65.34259452931013 40.1717444419572
67.4164 43.959 65.34259452931013 40.1717444419572
73.60956642007837 37.614888327094434 68.9281 35.7419
74.0752 40.6664 73.60956642007837 37.614888327094434
76.7129 41.6797 74.0752 40.6664
77.3021 34.2703 73.60956642007837 37.614888327094434
76.4701 30.4093 77.3021 34.2703
78.06215405017888 27.7978850428839 76.4701 30.4093
83.1635 28.0309 78.06215405017888 27.7978850428839
86.3829 27.9047 83.1635 28.0309
86.64967918645495 27.86486861018265 86.3829 27.9047
87.6727 28.7994 86.64967918645495 27.86486861018265
87.1872 30.3029 87.6727 28.7994
87.6071943992195 31.69783150223587 87.1872 30.3029
86.7855 32.49 87.6071943992195 31.69783150223587
86.45389637938928 32.78510753106735 86.7855 32.49
85.7805 32.4355 86.45389637938928 32.78510753106735
89.8314 32.3987 87.6071943992195 31.69783150223587
86.0873 37.3545 86.45389637938928 32.78510753106735
89.05340031595331 40.79923539741242 86.0873 37.3545
90.883 40.4413 89.05340031595331 40.79923539741242
94.6386 32.8691 89.8314 32.3987
69.7391 29.6151 66.1244 25.9772
75.6422 23.2253 78.06215405017888 27.7978850428839
72.8343 19.1854 75.6422 23.2253
73.5729 17.6365 72.8343 19.1854
88.65972587702997 22.612343599616775 86.64967918645495 27.86486861018265
87.8236 21.357 88.65972587702997 22.612343599616775
85.79529399341965 19.760647431116027 87.8236 21.357
84.1659 20.4499 85.79529399341965 19.760647431116027
86.017 16.6041 85.79529399341965 19.760647431116027
84.066 13.8427 86.017 16.6041
80.3993 11.5221 84.066 13.8427
94.1043 21.7496 88.65972587702997 22.612343599616775
97.23136490163529 20.528989556475533 94.1043 21.7496
97.486 20.672 97.23136490163529 20.528989556475533
97.3458 19.3405 97.23136490163529 20.528989556475533
99.0668 17.5295 97.3458 19.3405
56.9377 39.9182 62.6761 39.8955
52.4396 40.2381 56.9377 39.9182
51.841382382479786 40.37085342558307 52.4396 40.2381
50.7725 39.1358 51.841382382479786 40.37085342558307
50.4447 43.9282 51.841382382479786 40.37085342558307
96.55637199822952 41.502390274834454 90.883 40.4413
98.2203 39.6445 96.55637199822952 41.502390274834454
99.046 39.6771 98.2203 39.6445
45.7217 35.2474 50.7725 39.1358
39.6921 34.9049 45.7217 35.2474
64.1866 19.3474 65.69868160959682 25.870828237049356
64.31614640590125 18.91950211210168 64.1866 19.3474
65.8662 18.3429 64.31614640590125 18.91950211210168
62.3791 17.3724 64.31614640590125 18.91950211210168
71.9321 49.8269 67.4164 43.959
71.2366052423971 51.483471537279094 71.9321 49.8269
69.8717 51.5703 71.2366052423971 51.483471537279094
73.2077 54.638 71.2366052423971 51.483471537279094
-85.2299 -25.3281 -80.6923 -31.2773
48.69790458635638 81.11643971946663 41.8399 78.1013
49.3358 80.6602 48.69790458635638 81.11643971946663
48.916 83.8237 48.69790458635638 81.11643971946663
52.1235 79.5828 49.3358 80.6602
52.1465 77.1948 52.1235 79.5828
47.13389913881067 90.78769641648628 48.916 83.8237
48.0954 91.643 47.13389913881067 90.78769641648628
50.8589076842191 93.62243509200727 48.0954 91.643
50.6712 96.5101 50.8589076842191 93.62243509200727
42.1953 92.5851 47.13389913881067 90.78769641648628
40.50810826170138 95.24695483849811 42.1953 92.5851
38.0332 95.0914 40.50810826170138 95.24695483849811
41.8139 97.9877 40.50810826170138 95.24695483849811
34.2159 94.8934 38.0332 95.0914
55.9207 91.2315 50.8589076842191 93.62243509200727
59.5745 94.0598 55.9207 91.2315
62.9404 95.6912 59.5745 94.0598
66.1338 95.08 62.9404 95.6912
66.64018172452123 91.2885233991571 66.1338 95.08
67.6203 90.8057 66.64018172452123 91.2885233991571
64.0184 89.4061 66.64018172452123 91.2885233991571
72.0143 90.7183 67.6203 90.8057
73.8027 90.9303 72.0143 90.7183
75.98726738302597 90.47375816798984 73.8027 90.9303
77.46375910962175 91.75541471846658 75.98726738302597 90.47375816798984
77.097 93.5335 77.46375910962175 91.75541471846658
80.4608 90.8583 77.46375910962175 91.75541471846658
77.0972 87.3854 75.98726738302597 90.47375816798984
76.66068987223261 84.66160300515507 77.0972 87.3854
78.0037 83.3268 76.66068987223261 84.66160300515507
80.1888 79.976 78.0037 83.3268
80.2436 79.5314 80.1888 79.976
81.002 76.6395 80.2436 79.5314
82.79358459008101 74.50607472779342 81.002 76.6395
83.2988 74.4762 82.79358459008101 74.50607472779342
82.1388 72.8496 82.79358459008101 74.50607472779342
72.2535593346918 83.07725753378324 76.66068987223261 84.66160300515507
71.7022 83.5954 72.2535593346918 83.07725753378324
72.0073 81.7899 72.2535593346918 83.07725753378324
69.90316206421903 78.11388549373763 72.0073 81.7899
68.4079 78.1475 69.90316206421903 78.11388549373763
83.7205 87.3007 80.4608 90.8583
88.0326 88.9506 83.7205 87.3007
89.1926 88.9621 88.0326 88.9506
89.9556 87.8632 89.1926 88.9621
92.6190873121022 86.75363495807028 89.9556 87.8632
93.29281077108175 83.8224869269576 92.6190873121022 86.75363495807028
94.0173 83.5695 93.29281077108175 83.8224869269576
90.0546 81.4513 93.29281077108175 83.8224869269576
64.2355 84.0505 64.0184 89.4061
63.0517 77.1381 68.4079 78.1475
61.07218246688869 72.08848517170864 63.0517 77.1381
58.0189 71.7157 61.07218246688869 72.08848517170864
63.4634 68.8403 61.07218246688869 72.08848517170864
28.6443 96.2578 34.2159 94.8934
73.5568 71.6549 69.90316206421903 78.11388549373763
40.047 -39.1719 39.9278 -31.6304
86.3059 47.9455 89.05340031595331 40.79923539741242
-96.6052 2.34555 -91.1251 7.69822
-98.9021 -2.85293 -96.6052 2.34555
90.4862 71.7532 83.2988 74.4762
92.01393456847448 69.49533295751984 90.4862 71.7532
92.223 69.5775 92.01393456847448 69.49533295751984
89.8902 66.4307 92.01393456847448 69.49533295751984
-83.04042621947178 -10.703842093164027 -80.7985 -3.31461
-80.1335 -14.6332 -83.04042621947178 -10.703842093164027
-79.5521 -15.6995 -80.1335 -14.6332
-79.5485 -17.4328 -79.5521 -15.6995
-88.1908 -11.7221 -83.04042621947178 -10.703842093164027
-89.4167 -10.7051 -88.1908 -11.7221
-50.5949 -81.8509 -53.1761 -74.5679
-49.2155 -84.3474 -50.5949 -81.8509
-51.1954 -91.3684 -49.2155 -84.3474
55.2152222906016 -43.08180885990054 52.3455 -35.8618
54.124399999999994 -44.4176 55.2152222906016 -43.08180885990054
54.1234 -44.4186 54.124399999999994 -44.4176
59.2583 -43.8222 55.2152222906016 -43.08180885990054
-98.4188 -81.7294 -90.68915877686372 -82.6669924988117
-71.10380539566712 59.66048754121912 -75.3111 66.2193
-70.6657 59.6901 -71.10380539566712 59.66048754121912
-71.4118 59.0895 -71.10380539566712 59.66048754121912
72.1657 63.8313 73.5568 71.6549
72.3935 -39.3337 67.0069 -33.4723
73.60393106948374 -44.36346472862829 72.3935 -39.3337
74.2451 -44.597 73.60393106948374 -44.36346472862829
76.68 -46.3334 74.2451 -44.597
78.87799816417115 -46.72196120979472 76.68 -46.3334
79.0109 -47.4517 78.87799816417115 -46.72196120979472
80.7226 -44.8563 78.87799816417115 -46.72196120979472
71.39540000000001 -46.4213 73.60393106948374 -44.36346472862829
71.3944 -46.4223 71.39540000000001 -46.4213
77.8698704012737 -52.27034844152249 79.0109 -47.4517
79.9042 -53.9461 77.8698704012737 -52.27034844152249
81.7844 -56.9503 79.9042 -53.9461
82.6004 -40.1578 80.7226 -44.8563
72.2859 -54.2798 77.8698704012737 -52.27034844152249
71.27365057830755 -56.343691275258344 72.2859 -54.2798
67.832 -56.9106 71.27365057830755 -56.343691275258344
66.23131663760346 -59.26063609151029 67.832 -56.9106
66.23031663760345 -59.26163609151029 66.23131663760346 -59.26063609151029
64.7159 -59.2148 66.23031663760345 -59.26163609151029
67.1994 -60.7644 66.23031663760345 -59.26163609151029
63.25751100968768 -58.02365618784574 64.7159 -59.2148
62.666 -58.3101 63.25751100968768 -58.02365618784574
63.5892 -54.8461 63.25751100968768 -58.02365618784574
63.73001386798296 -52.84545076137505 63.5892 -54.8461
64.4601 -52.4507 63.73001386798296 -52.84545076137505
62.40559999999992 -52.07130000000008 63.73001386798296 -52.84545076137505
62.4007 -52.0422 62.40559999999992 -52.07130000000008
62.3706 -52.1063 62.40559999999992 -52.07130000000008
60.265 -60.8168 62.666 -58.3101
58.2281 -60.4199 60.265 -60.8168
57.175343773240115 -61.00287250708431 58.2281 -60.4199
56.4579 -60.608 57.175343773240115 -61.00287250708431
56.33745945456763 -60.51869547367459 56.4579 -60.608
57.5414 -63.9184 57.175343773240115 -61.00287250708431
53.0418 -62.0756 56.33745945456763 -60.51869547367459
56.4949 -56.518 56.33745945456763 -60.51869547367459
48.16959102740512 -62.20856669112835 53.0418 -62.0756
46.5197 -59.4072 48.16959102740512 -62.20856669112835
46.1357 -65.5997 48.16959102740512 -62.20856669112835
74.3653 -60.507 71.27365057830755 -56.343691275258344
61.662 -67.6759 57.5414 -63.9184
61.484680722261196 -70.31580689199345 61.662 -67.6759
59.7287 -71.3404 61.484680722261196 -70.31580689199345
58.11997284290356 -71.56799301915859 59.7287 -71.3404
57.6349 -73.1331 58.11997284290356 -71.56799301915859
64.0252 -71.8426 61.484680722261196 -70.31580689199345
63.9592559262574 -74.5619176601356 64.0252 -71.8426
62.6469 -75.2554 63.9592559262574 -74.5619176601356
66.7364 -69.9377 64.0252 -71.8426
69.1151 -70.4934 66.7364 -69.9377
71.97432020196841 -68.8734713815843 69.1151 -70.4934
72.0451 -67.6625 71.97432020196841 -68.8734713815843
73.2684 -69.9535 71.97432020196841 -68.8734713815843
55.7351 -69.2446 58.11997284290356 -71.56799301915859
66.98827805316503 -76.71750444312832 63.9592559262574 -74.5619176601356
67.2751 -76.5524 66.98827805316503 -76.71750444312832
66.6756 -79.0841 66.98827805316503 -76.71750444312832
68.83799326707062 -80.99025378706257 66.6756 -79.0841
68.2232 -84.549 68.83799326707062 -80.99025378706257
56.68328053063166 -77.02971625757853 57.6349 -73.1331
53.9974 -77.801 56.68328053063166 -77.02971625757853
58.8479 -79.1184 56.68328053063166 -77.02971625757853
72.6721 -79.5064 68.83799326707062 -80.99025378706257
76.7268921917203 -79.1218073882574 72.6721 -79.5064
76.7622 -79.1805 76.7268921917203 -79.1218073882574
78.57457875403303 -81.68473287575696 76.7622 -79.1805
81.9239 -81.3196 78.57457875403303 -81.68473287575696
76.9414 -85.4628 78.57457875403303 -81.68473287575696
78.5331 -74.3925 76.7268921917203 -79.1218073882574
81.3414 -69.9258 78.5331 -74.3925
51.607667732005986 -82.84134579061177 53.9974 -77.801
51.1567 -82.9496 51.607667732005986 -82.84134579061177
54.1188 -86.9545 51.607667732005986 -82.84134579061177
53.215059917489796 -88.75334751614561 54.1188 -86.9545
53.1064 -88.773 53.215059917489796 -88.75334751614561
54.0409 -89.9832 53.215059917489796 -88.75334751614561
54.21146220928041 -90.14178022066676 54.0409 -89.9832
53.413 -91.7159 54.21146220928041 -90.14178022066676
52.011506227840066 -93.48398576965911 53.413 -91.7159
51.5143 -93.4086 52.011506227840066 -93.48398576965911
52.7098 -94.8179 52.011506227840066 -93.48398576965911
58.7951 -90.5496 54.21146220928041 -90.14178022066676
63.2079 -90.5878 58.7951 -90.5496
64.25996760967323 -93.03212592497235 63.2079 -90.5878
61.0987 -97.5077 64.25996760967323 -93.03212592497235
80.4505 -90.5628 76.9414 -85.4628
82.8736 -33.7417 82.6004 -40.1578
83.4047 -31.3407 82.8736 -33.7417
83.1743 -31.2654 83.4047 -31.3407
80.72796980812701 -28.815781441002123 83.1743 -31.2654
78.4298 -29.3747 80.72796980812701 -28.815781441002123
82.43905303719731 -23.546279022318522 80.72796980812701 -28.815781441002123
84.5943 -23.2566 82.43905303719731 -23.546279022318522
85.7055 -23.8745 84.5943 -23.2566
89.1856453364006 -23.076853308843276 85.7055 -23.8745
89.509 -22.2354 89.1856453364006 -23.076853308843276
90.9069 -20.1495 89.509 -22.2354
92.64653275456205 -18.924780167707713 90.9069 -20.1495
93.3819 -19.2838 92.64653275456205 -18.924780167707713
92.41458644761853 -15.488427854193398 92.64653275456205 -18.924780167707713
92.0919 -26.6961 89.1856453364006 -23.076853308843276
96.4336 -12.1699 92.41458644761853 -15.488427854193398
98.0416 -21.6955 93.3819 -19.2838
87.3734 -13.2125 92.41458644761853 -15.488427854193398
86.3349 -9.53997 87.3734 -13.2125
88.45358798892696 -4.136203498141723 86.3349 -9.53997
87.3217 -2.59042 88.45358798892696 -4.136203498141723
86.5749 -0.757178 87.3217 -2.59042
91.47408303960319 -3.6202451160048854 88.45358798892696 -4.136203498141723
92.2872 -4.60966 91.47408303960319 -3.6202451160048854
92.219 -2.29709 91.47408303960319 -3.6202451160048854
92.53913598483263 1.1335511059058658 92.219 -2.29709
89.5411 3.02292 92.53913598483263 1.1335511059058658
95.7636 2.96223 92.53913598483263 1.1335511059058658
71.0165 -93.5461 64.25996760967323 -93.03212592497235
71.6233 -94.1528 71.0165 -93.5461
71.57583828257376 -95.41376469032505 71.6233 -94.1528
71.3752 -95.519 71.57583828257376 -95.41376469032505
74.0777 -97.1014 71.57583828257376 -95.41376469032505
88.4213 -69.8548 81.3414 -69.9258
89.71413338406488 -71.0822570986621 88.4213 -69.8548
90.5699 -70.794 89.71413338406488 -71.0822570986621
89.2089 -73.1922 89.71413338406488 -71.0822570986621
88.4139 -74.0781 89.2089 -73.1922
96.32310298568855 -69.95626127450065 90.5699 -70.794
97.1579 -67.4574 96.32310298568855 -69.95626127450065
97.256266238775 -67.33805050674268 97.1579 -67.4574
97.0862 -66.5429 97.256266238775 -67.33805050674268
96.0735 -66.0583 97.0862 -66.5429
98.5731 -67.3163 97.256266238775 -67.33805050674268
97.8725 -72.161 96.32310298568855 -69.95626127450065
91.1031 -79.826 88.4139 -74.0781
91.0068 -80.8047 91.1031 -79.826
90.59702667651554 -83.13171486212453 91.0068 -80.8047
89.005 -83.9278 90.59702667651554 -83.13171486212453
94.8696 -59.5036 96.0735 -66.0583
96.2337 -86.7853 90.59702667651554 -83.13171486212453
95.58703843464905 -52.66428507276145 94.8696 -59.5036
95.1762 -52.3961 95.58703843464905 -52.66428507276145
96.5761 -52.3078 95.58703843464905 -52.66428507276145
91.25743300493227 -47.94897394267105 95.1762 -52.3961
89.4343 -48.4677 91.25743300493227 -47.94897394267105
98.8839 9.36263 95.7636 2.96223
93.5992 -40.8952 91.25743300493227 -47.94897394267105
93.4506 -39.4258 93.5992 -40.8952
96.0282 -36.5976 93.4506 -39.4258
77.1297 -17.9374 82.43905303719731 -23.546279022318522
75.3131 -17.1943 77.1297 -17.9374
-26.571997254087698 50.8589246437668 -18.65 51.7398
-26.9323 51.2821 -26.571997254087698 50.8589246437668
-28.09309910136705 47.731001221804526 -26.571997254087698 50.8589246437668
-26.8712 46.0745 -28.09309910136705 47.731001221804526
-30.16887218983786 47.66031238371492 -28.09309910136705 47.731001221804526
-30.8219 48.6283 -30.16887218983786 47.66031238371492
-31.377152257902985 45.93506545655638 -30.16887218983786 47.66031238371492
-30.9622 45.1244 -31.377152257902985 45.93506545655638
-33.0211 45.9024 -31.377152257902985 45.93506545655638
-33.5117 46.0302 -33.0211 45.9024
-37.8738 -56.8861 -45.8597 -56.2751
-62.974 -89.6771 -60.2499 -82.1318
-62.992180148180424 -92.83942162268222 -62.974 -89.6771
-64.44343589765394 -93.62426728714371 -62.992180148180424 -92.83942162268222
-65.5587 -92.9984 -64.44343589765394 -93.62426728714371
-65.6542 -93.0661 -65.5587 -92.9984
-61.4707 -93.749 -62.992180148180424 -92.83942162268222
-58.4501 -94.7999 -61.4707 -93.749
-64.9084 -98.8684 -64.44343589765394 -93.62426728714371
-72.24894280023162 -89.9023945560341 -65.6542 -93.0661
-72.2625 -89.6252 -72.24894280023162 -89.9023945560341
-73.9802 -91.3186 -72.24894280023162 -89.9023945560341
-77.47414177901292 -93.55336964940697 -73.9802 -91.3186
-78.5639 -92.9881 -77.47414177901292 -93.55336964940697
-77.57811401789068 -95.9987784334207 -77.47414177901292 -93.55336964940697
-77.0941 -96.3498 -77.57811401789068 -95.9987784334207
-79.8236 -97.1062 -77.57811401789068 -95.9987784334207
-82.44500811285516 -96.7969110327068 -79.8236 -97.1062
-84.0166 -99.1492 -82.44500811285516 -96.7969110327068
-85.80274122605014 -99.43219186944333 -84.0166 -99.1492
-85.8819 -99.593 -85.80274122605014 -99.43219186944333
-86.6316 -98.4604 -85.80274122605014 -99.43219186944333
-87.78876047409862 -98.52857914442693 -86.6316 -98.4604
-88.1606 -98.9637 -87.78876047409862 -98.52857914442693
-88.2655 -97.7977 -87.78876047409862 -98.52857914442693
-73.9645 -99.1596 -77.0941 -96.3498
-84.3572 -92.4634 -82.44500811285516 -96.7969110327068
-93.668 -99.6056 -88.1606 -98.9637
-78.0538 31.3758 -71.7317 36.6513
-0.466127 95.6101 0.9272545780434844 87.48245388169705
-0.0453702 98.9322 -0.466127 95.6101
-9.42337 -32.8789 -17.069010231455337 -29.171905528891703
-6.94199 -34.6609 -9.42337 -32.8789
-93.992 -50.9011 -96.7851 -59.2173
99.8184 92.3841 92.6190873121022 86.75363495807028
-65.7241 48.6548 -56.2404 48.0308
-67.0801 50.0342 -65.7241 48.6548
99.658 51.9395 96.55637199822952 41.502390274834454
96.6472 -97.7368 96.2337 -86.7853
94.4955 -99.9987 96.6472 -97.7368