-8.93854 -72.9781 -8.26997 -73.6924
-12.046755404983983 -75.1660857604632 -8.93854 -72.9781
-8.96016 -69.1535 -8.93854 -72.9781
-12.0732 -79.2498 -12.046755404983983 -75.1660857604632
-12.113250281095144 -80.50284385876387 -12.0732 -79.2498
-10.9758 -81.2713 -12.113250281095144 -80.50284385876387
-15.6819 -73.1819 -12.046755404983983 -75.1660857604632
-19.0406 -74.9924 -15.6819 -73.1819
-22.365113807431058 -72.19387178707098 -19.0406 -74.9924
-22.6174 -72.3996 -22.365113807431058 -72.19387178707098
-21.372768678300467 -68.03726517172376 -22.365113807431058 -72.19387178707098
-18.1885 -67.5144 -21.372768678300467 -68.03726517172376
-15.2309 -65.7213 -18.1885 -67.5144
-13.6183 -64.8051 -15.2309 -65.7213
-23.9147 -65.5083 -21.372768678300467 -68.03726517172376
-25.0757 -65.4146 -23.9147 -65.5083
-27.013103933901252 -66.44599297251341 -25.0757 -65.4146
-26.9322 -67.5603 -27.013103933901252 -66.44599297251341
-29.4668 -64.7413 -27.013103933901252 -66.44599297251341
-30.8257 -61.6032 -29.4668 -64.7413
-31.1207 -61.4488 -30.8257 -61.6032
-6.66628 -83.0679 -10.9758 -81.2713
-4.47184 -84.6356 -6.66628 -83.0679
-4.311312833082283 -85.63629639840123 -4.47184 -84.6356
-4.73838 -86.067 -4.311312833082283 -85.63629639840123
-3.04263 -86.3371 -4.311312833082283 -85.63629639840123
0.191249 -86.7068 -3.04263 -86.3371
-16.3669 -82.6788 -12.113250281095144 -80.50284385876387
-18.3645 -83.9356 -16.3669 -82.6788
-18.84726722339556 -84.90316511842771 -18.3645 -83.9356
-17.635 -87.3409 -18.84726722339556 -84.90316511842771
-19.9434 -89.9803 -17.635 -87.3409
-23.1716 -85.2502 -18.84726722339556 -84.90316511842771
-23.591966946581326 -85.02828518700264 -23.1716 -85.2502
-24.209 -85.429 -23.591966946581326 -85.02828518700264
-23.9098 -83.7172 -23.591966946581326 -85.02828518700264
-25.58434994096701 -83.23992116263787 -23.9098 -83.7172
-26.5634 -84.1939 -25.58434994096701 -83.23992116263787
-24.8259 -87.0736 -24.209 -85.429
-27.4235 -87.772 -24.8259 -87.0736
-28.055258444685723 -90.63508486753503 -27.4235 -87.772
-31.3021 -92.0673 -28.055258444685723 -90.63508486753503
-32.042568015589374 -92.34227463013114 -31.3021 -92.0673
-34.3532 -90.5071 -32.042568015589374 -92.34227463013114
-33.05105662003377 -96.19037599534316 -32.042568015589374 -92.34227463013114
-34.5001 -96.6512 -33.05105662003377 -96.19037599534316
-30.363538163431098 -98.94190361867041 -33.05105662003377 -96.19037599534316
-30.7137 -99.9449 -30.363538163431098 -98.94190361867041
-29.3151 -98.6779 -30.363538163431098 -98.94190361867041
-26.5616 -79.2565 -25.58434994096701 -83.23992116263787
-26.2876 -78.963 -26.5616 -79.2565
-27.8065 -78.8875 -26.5616 -79.2565
-24.9126 -93.5322 -28.055258444685723 -90.63508486753503
-22.5234 -97.7714 -24.9126 -93.5322
-8.34855997981869 -90.75897216126911 -4.73838 -86.067
-9.79797 -90.6555 -8.34855997981869 -90.75897216126911
-10.3535 -91.1047 -9.79797 -90.6555
-6.72979 -95.046 -8.34855997981869 -90.75897216126911
-3.6667123513826234 -95.64639746416005 -6.72979 -95.046
-3.56012 -96.1967 -3.6667123513826234 -95.64639746416005
-3.25537 -95.1415 -3.6667123513826234 -95.64639746416005
-2.06966 -94.1289 -3.25537 -95.1415
-9.44876 -98.8711 -6.72979 -95.046
2.807977194692834 -95.39607307369782 -2.06966 -94.1289
4.41269 -93.6687 2.807977194692834 -95.39607307369782
5.94004 -93.0856 4.41269 -93.6687
7.2579239817457415 -92.5211677227737 5.94004 -93.0856
3.69568 -98.7317 2.807977194692834 -95.39607307369782
10.7604 -94.6392 7.2579239817457415 -92.5211677227737
7.00504 -88.1979 7.2579239817457415 -92.5211677227737
-9.17868 -60.5453 -13.6183 -64.8051
-7.360790998865804 -58.548549694418455 -9.17868 -60.5453
-8.189495997774227 -54.9987595276552 -7.360790998865804 -58.548549694418455
-10.4372 -54.4475 -8.189495997774227 -54.9987595276552
-6.1003 -53.4785 -8.189495997774227 -54.9987595276552
-2.42899 -60.0873 -7.360790998865804 -58.548549694418455
-3.82904303066373 -48.73354913733999 -6.1003 -53.4785
-2.9447 -48.5976 -3.82904303066373 -48.73354913733999
-5.41234 -46.4123 -3.82904303066373 -48.73354913733999
-9.07414 -46.3984 -5.41234 -46.4123
-9.90093732922923 -45.69264220423721 -9.07414 -46.3984
-9.64485 -44.6705 -9.90093732922923 -45.69264220423721
-14.857479899911878 -47.06634565724809 -9.90093732922923 -45.69264220423721
-15.1328 -48.1972 -14.857479899911878 -47.06634565724809
-17.1413 -45.0824 -14.857479899911878 -47.06634565724809
-18.2747 -45.0263 -17.1413 -45.0824
-23.832035613388353 -46.0777220823457 -18.2747 -45.0263
-24.3268 -47.6443 -23.832035613388353 -46.0777220823457
-25.6181 -43.9422 -23.832035613388353 -46.0777220823457
-28.4949 -41.3913 -25.6181 -43.9422
-30.1391 -39.7912 -28.4949 -41.3913
-31.718279235294155 -37.222368104611185 -30.1391 -39.7912
-33.2433 -37.0793 -31.718279235294155 -37.222368104611185
-35.31198992529045 -37.87265250373797 -33.2433 -37.0793
-35.8761 -37.6025 -35.31198992529045 -37.87265250373797
-35.8512 -42.1441 -35.31198992529045 -37.87265250373797
-35.8777 -42.2691 -35.8512 -42.1441
-39.7074 -44.7213 -35.8777 -42.2691
-43.193 -46.1571 -39.7074 -44.7213
-29.1347 -33.286 -31.718279235294155 -37.222368104611185
-31.6535 -28.4871 -29.1347 -33.286
3.17514 -60.9992 -2.42899 -60.0873
4.34291500593651 -60.73106248143286 3.17514 -60.9992
4.61449 -61.0642 4.34291500593651 -60.73106248143286
6.18612 -63.6038 4.61449 -61.0642
5.48782 -56.7228 4.34291500593651 -60.73106248143286
6.394762777188736 -55.45325092623131 5.48782 -56.7228
8.34685453043283 -55.8126993441353 6.394762777188736 -55.45325092623131
5.53783 -53.1978 6.394762777188736 -55.45325092623131
9.39497 -58.0875 8.34685453043283 -55.8126993441353
9.87462 -53.7864 8.34685453043283 -55.8126993441353
11.9245 -61.1099 9.39497 -58.0875
13.530594453893606 -61.86049441625461 11.9245 -61.1099
15.1358 -60.7385 13.530594453893606 -61.86049441625461
16.691935935831907 -60.077698119905094 15.1358 -60.7385
13.8907 -64.0424 13.530594453893606 -61.86049441625461
16.4234 -57.7315 16.691935935831907 -60.077698119905094
19.3895 -61.3705 16.691935935831907 -60.077698119905094
21.2219 -64.38 19.3895 -61.3705
22.5632 -64.4424 21.2219 -64.38
10.7137 -66.7297 13.8907 -64.0424
13.6397 -50.3121 9.87462 -53.7864
14.02045265896504 -50.07966196714697 13.6397 -50.3121
13.9856 -48.4325 14.02045265896504 -50.07966196714697
13.897386205708198 -47.59999687821301 13.9856 -48.4325
15.7967 -46.461 13.897386205708198 -47.59999687821301
11.5577 -46.4165 13.897386205708198 -47.59999687821301
8.646566315015342 -43.50498461468971 11.5577 -46.4165
8.74316 -43.1036 8.646566315015342 -43.50498461468971
6.09791 -43.9793 8.646566315015342 -43.50498461468971
2.88693 -42.1368 6.09791 -43.9793
-0.500479 -41.96 2.88693 -42.1368
17.9416 -52.3566 14.02045265896504 -50.07966196714697
19.4952 -52.9195 17.9416 -52.3566
18.7974 -69.1718 21.2219 -64.38
25.8538 -60.0486 22.5632 -64.4424
28.48056464668952 -59.73708352569593 25.8538 -60.0486
29.6309 -61.6658 28.48056464668952 -59.73708352569593
32.86802276033752 -64.59566138715613 29.6309 -61.6658
33.6547 -64.3696 32.86802276033752 -64.59566138715613
32.035804061265296 -68.52094685312709 32.86802276033752 -64.59566138715613
30.1868 -68.9957 32.035804061265296 -68.52094685312709
27.816058133747436 -71.51318414838683 30.1868 -68.9957
28.3344 -73.1773 27.816058133747436 -71.51318414838683
25.5414 -71.2298 27.816058133747436 -71.51318414838683
30.5244 -55.6665 28.48056464668952 -59.73708352569593
32.77272364082288 -53.35230615975133 30.5244 -55.6665
35.49524303917055 -54.457393588465884 32.77272364082288 -53.35230615975133
35.7729 -56.2082 35.49524303917055 -54.457393588465884
36.7892 -53.0648 35.49524303917055 -54.457393588465884
32.3189 -50.1672 32.77272364082288 -53.35230615975133
31.9511 -48.7063 32.3189 -50.1672
37.9311 -59.7826 35.7729 -56.2082
26.5686 -49.1845 31.9511 -48.7063
-31.97720549192396 -22.451635332326536 -31.6535 -28.4871
-31.6661 -22.1913 -31.97720549192396 -22.451635332326536
-34.8331 -21.111 -31.97720549192396 -22.451635332326536
-27.6845100458282 -20.304842255931536 -31.6661 -22.1913
-27.6835100458282 -20.303842255931535 -27.6845100458282 -20.304842255931536
-27.6825100458282 -20.302842255931534 -27.6835100458282 -20.303842255931535
-27.5885 -19.2585 -27.6825100458282 -20.302842255931534
-27.280780473758668 -14.472745941328055 -27.5885 -19.2585
-25.9547 -13.8304 -27.280780473758668 -14.472745941328055
-30.1686 -12.9249 -27.280780473758668 -14.472745941328055
-32.9309 -14.8475 -30.1686 -12.9249
-22.4338 -10.6268 -25.9547 -13.8304
-21.744129844737163 -7.0649583555318145 -22.4338 -10.6268
-19.6891 -6.35814 -21.744129844737163 -7.0649583555318145
-14.1517 -5.13597 -19.6891 -6.35814
-26.0248 -2.94545 -21.744129844737163 -7.0649583555318145
-27.07939068049627 -1.8938851639208671 -26.0248 -2.94545
-28.9495 -2.45756 -27.07939068049627 -1.8938851639208671
-32.19801264012852 -4.1684376869137605 -28.9495 -2.45756
-33.3152 -3.55458 -32.19801264012852 -4.1684376869137605
-32.3095 -5.93397 -32.19801264012852 -4.1684376869137605
-34.8093 -2.54479 -33.3152 -3.55458
-36.2901 -1.55852 -34.8093 -2.54479
-36.82849017381491 0.292177668804656 -36.2901 -1.55852
-36.1934 0.904579 -36.82849017381491 0.292177668804656
-39.71425553009334 0.8010122106152525 -36.82849017381491 0.292177668804656
-40.1525 1.62745 -39.71425553009334 0.8010122106152525
-41.0061 -0.868216 -39.71425553009334 0.8010122106152525
-41.15206117421213 4.348400373354336 -40.1525 1.62745
-44.5604 4.44293 -41.15206117421213 4.348400373354336
-47.1733 3.30629 -44.5604 4.44293
-38.772 7.00231 -41.15206117421213 4.348400373354336
-38.008537354673756 7.811444477724859 -38.772 7.00231
-38.44425804588994 9.370390275947596 -38.008537354673756 7.811444477724859
-40.7779 9.98944 -38.44425804588994 9.370390275947596
-36.7985 11.3672 -38.44425804588994 9.370390275947596
-35.3142 6.97524 -38.008537354673756 7.811444477724859
-41.85005536980822 12.672261764721158 -40.7779 9.98944
-41.194 13.4202 -41.85005536980822 12.672261764721158
-46.2829 13.138 -41.85005536980822 12.672261764721158
-47.0517 13.5653 -46.2829 13.138
-33.56801881429467 14.8966746589336 -36.7985 11.3672
-33.765 15.5552 -33.56801881429467 14.8966746589336
-33.7435 18.3788 -33.765 15.5552
-36.2444 19.6433 -33.7435 18.3788
-37.0378 19.235 -36.2444 19.6433
-29.7808 14.1356 -33.56801881429467 14.8966746589336
-30.5017 21.2003 -33.7435 18.3788
-29.28321299953282 23.37902829032209 -30.5017 21.2003
-28.7332 23.3126 -29.28321299953282 23.37902829032209
-29.6251 23.8244 -29.28321299953282 23.37902829032209
-26.3595 17.1349 -29.7808 14.1356
-23.951464189574825 23.07624881515251 -28.7332 23.3126
-23.5486 22.1461 -23.951464189574825 23.07624881515251
-22.213839863928342 25.549280731041794 -23.951464189574825 23.07624881515251
-20.6689 25.5997 -22.213839863928342 25.549280731041794
-24.304649221641483 29.071538693429613 -22.213839863928342 25.549280731041794
-26.0757 29.1311 -24.304649221641483 29.071538693429613
-23.5174 30.9258 -24.304649221641483 29.071538693429613
-23.3087 31.7731 -23.5174 30.9258
-22.6585 33.7809 -23.3087 31.7731
-21.73981677247424 34.98650606441927 -22.6585 33.7809
-22.4549 36.2692 -21.73981677247424 34.98650606441927
-19.6504 34.6074 -21.73981677247424 34.98650606441927
-18.1443 37.8268 -19.6504 34.6074
-18.1859 40.035 -18.1443 37.8268
-28.74428137213337 31.520375175285775 -26.0757 29.1311
-29.7802 31.1303 -28.74428137213337 31.520375175285775
-28.3519 33.379 -28.74428137213337 31.520375175285775
-27.52 36.2398 -28.3519 33.379
-26.596 37.7701 -27.52 36.2398
-18.6046 43.7081 -18.1859 40.035
-16.9799 44.9927 -18.6046 43.7081
-16.4553 45.467 -16.9799 44.9927
-14.8996 48.2678 -16.4553 45.467
-15.17150622310061 49.73624030278499 -14.8996 48.2678
-14.2727 50.6632 -15.17150622310061 49.73624030278499
-16.5085 50.0208 -15.17150622310061 49.73624030278499
-18.65 51.7398 -16.5085 50.0208
-13.2143 54.6405 -14.2727 50.6632
-11.4358 55.5446 -13.2143 54.6405
-11.1974 55.6438 -11.4358 55.5446
-10.5621 54.6809 -11.1974 55.6438
-8.21725 50.105 -10.5621 54.6809
-5.36193 47.6325 -8.21725 50.105
-2.42175 46.1811 -5.36193 47.6325
0.9516708903132644 44.7082431036832 -2.42175 46.1811
2.1651 45.6906 0.9516708903132644 44.7082431036832
1.2819355690585745 41.93003457867915 0.9516708903132644 44.7082431036832
1.8195 41.5652 1.2819355690585745 41.93003457867915
-2.6301 39.3991 1.2819355690585745 41.93003457867915
-5.21558 36.7819 -2.6301 39.3991
-9.09057 35.2131 -5.21558 36.7819
-10.5017 36.4382 -9.09057 35.2131
-11.3831 36.1113 -10.5017 36.4382
6.253783983957305 48.48023929873484 2.1651 45.6906
7.25335 47.7917 6.253783983957305 48.48023929873484
6.326730818475652 51.897098609914686 6.253783983957305 48.48023929873484
8.21161 53.0397 6.326730818475652 51.897098609914686
9.69637 54.2638 8.21161 53.0397
4.030696505452816 53.3046258997985 6.326730818475652 51.897098609914686
1.95054 52.4349 4.030696505452816 53.3046258997985
4.24519 57.0156 4.030696505452816 53.3046258997985
10.7037 46.0006 7.25335 47.7917
-1.308275081995741 54.80014639851298 1.95054 52.4349
-1.13557 55.7855 -1.308275081995741 54.80014639851298
-2.66377 54.4061 -1.308275081995741 54.80014639851298
15.747647997132233 45.45110381145028 10.7037 46.0006
16.1939 43.8409 15.747647997132233 45.45110381145028
15.9152 42.6559 16.1939 43.8409
13.868 38.1863 15.9152 42.6559
12.964962006778665 34.73562499182978 13.868 38.1863
14.3165 33.5931 12.964962006778665 34.73562499182978
16.7365 31.9027 14.3165 33.5931
16.84953617245131 29.503537689031266 16.7365 31.9027
17.3587 29.1603 16.84953617245131 29.503537689031266
14.8015 28.318 16.84953617245131 29.503537689031266
9.74726 33.4099 12.964962006778665 34.73562499182978
12.331844061429159 25.336249502758598 14.8015 28.318
8.92805 26.3685 12.331844061429159 25.336249502758598
13.5501 21.5711 12.331844061429159 25.336249502758598
3.28819 62.369 4.24519 57.0156
-25.618 3.3915 -27.07939068049627 -1.8938851639208671
-25.68423753069922 5.105157170842343 -25.618 3.3915
-26.5671 5.57457 -25.68423753069922 5.105157170842343
-27.0741 5.48406 -26.5671 5.57457
-23.0084 7.03226 -25.68423753069922 5.105157170842343
-49.4563 -1.7756 -47.1733 3.30629
-53.7199 -4.9685 -49.4563 -1.7756
-55.1433 -6.11223 -53.7199 -4.9685
-56.37128079474061 -6.284440281858084 -55.1433 -6.11223
-57.76934172300714 -4.293696070279057 -56.37128079474061 -6.284440281858084
-59.3499 -4.71364 -57.76934172300714 -4.293696070279057
-56.7509 -1.34905 -57.76934172300714 -4.293696070279057
-57.7159 -9.56525 -56.37128079474061 -6.284440281858084
-58.69843001825746 -12.795606184704399 -57.7159 -9.56525
-59.3683 -13.0994 -58.69843001825746 -12.795606184704399
-60.2739 -13.8351 -59.3683 -13.0994
-57.2765 -14.1704 -58.69843001825746 -12.795606184704399
-56.525906146906095 -15.633262504717209 -57.2765 -14.1704
-57.3586 -17.1636 -56.525906146906095 -15.633262504717209
-53.1369 -15.8209 -56.525906146906095 -15.633262504717209
-51.5044 -12.8455 -53.1369 -15.8209
-50.497739310383906 -10.818358362899362 -51.5044 -12.8455
-51.9119 -8.98552 -50.497739310383906 -10.818358362899362
-45.9308 -10.8462 -50.497739310383906 -10.818358362899362
-44.6665 -11.5259 -45.9308 -10.8462
-43.2709 -12.8452 -44.6665 -11.5259
-42.0467 -15.6843 -43.2709 -12.8452
-64.3345 -6.41653 -59.3499 -4.71364
-65.1168168850785 -6.121821676985894 -64.3345 -6.41653
-65.3013 -4.44526 -65.1168168850785 -6.121821676985894
-64.1524 -1.94799 -65.3013 -4.44526
-67.6405 -8.23185 -65.1168168850785 -6.121821676985894
-68.8254 -8.39083 -67.6405 -8.23185
-64.8426 1.36132 -64.1524 -1.94799
-67.7161 3.86733 -64.8426 1.36132
-55.8969 3.86064 -56.7509 -1.34905
-55.041457531959395 6.454623164971347 -55.8969 3.86064
-52.4386 6.99038 -55.041457531959395 6.454623164971347
-56.8348 8.80454 -55.041457531959395 6.454623164971347
-59.6766 8.5649 -56.8348 8.80454
-61.964195691199315 9.861650224187033 -59.6766 8.5649
-63.3885 8.74269 -61.964195691199315 9.861650224187033
-56.6569 -22.6465 -57.3586 -17.1636
-56.71198183741812 -23.307802946105472 -56.6569 -22.6465
-60.36195580034606 -25.14050293188932 -56.71198183741812 -23.307802946105472
-63.1286 -23.5601 -60.36195580034606 -25.14050293188932
-64.09629188933299 -23.672948596321955 -63.1286 -23.5601
-64.097291889333 -23.673948596321956 -64.09629188933299 -23.672948596321955
-65.1992 -25.5683 -64.097291889333 -23.673948596321956
-53.2617 -25.7069 -56.71198183741812 -23.307802946105472
-69.79892552091029 -26.22036353577051 -65.1992 -25.5683
-70.7114 -28.274 -69.79892552091029 -26.22036353577051
-72.0326 -23.9799 -69.79892552091029 -26.22036353577051
-71.0205 -33.1386 -70.7114 -28.274
-70.444735823839 -34.69965480339348 -71.0205 -33.1386
-70.445735823839 -34.700654803393476 -70.444735823839 -34.69965480339348
-72.41870878170879 -37.307971736855926 -70.445735823839 -34.700654803393476
-71.6728 -39.4531 -72.41870878170879 -37.307971736855926
-74.8156 -37.0785 -72.41870878170879 -37.307971736855926
-79.2405 -37.9662 -74.8156 -37.0785
-81.74188154218156 -34.59244285108009 -79.2405 -37.9662
-80.6923 -31.2773 -81.74188154218156 -34.59244285108009
-60.1999 -30.0435 -60.36195580034606 -25.14050293188932
-18.5127 10.3982 -23.0084 7.03226
-15.4895 13.2365 -18.5127 10.3982
-64.8841 -35.6156 -70.444735823839 -34.69965480339348
-62.5731 15.5168 -61.964195691199315 9.861650224187033
19.4784 49.8662 15.747647997132233 45.45110381145028
22.78166120149462 52.207323642214156 19.4784 49.8662
22.4115 55.2835 22.78166120149462 52.207323642214156
22.416616919462626 57.62930683854546 22.4115 55.2835
24.2494 58.3229 22.416616919462626 57.62930683854546
20.4013 59.2076 22.416616919462626 57.62930683854546
17.354000000000003 60.00939999999999 20.4013 59.2076
17.353 60.008399999999995 17.354000000000003 60.00939999999999
17.352 60.0074 17.353 60.008399999999995
17.351 60.0064 17.352 60.0074
16.828060428202328 62.42829386640021 17.354000000000003 60.00939999999999
14.568299999999995 63.088399999999986 16.828060428202328 62.42829386640021
14.567299999999996 63.08739999999999 14.568299999999995 63.088399999999986
14.566299999999996 63.08639999999999 14.567299999999996 63.08739999999999
14.565299999999997 63.08539999999999 14.566299999999996 63.08639999999999
14.564299999999998 63.084399999999995 14.565299999999997 63.08539999999999
14.563299999999998 63.0834 14.564299999999998 63.084399999999995
14.562299999999999 63.0824 14.563299999999998 63.0834
14.5613 63.0814 14.562299999999999 63.0824
14.1858 64.8519 14.568299999999995 63.088399999999986
26.686 50.5881 22.78166120149462 52.207323642214156
28.384969587062546 51.7247107014216 26.686 50.5881
29.0692 51.3253 28.384969587062546 51.7247107014216
28.333 53.2627 28.384969587062546 51.7247107014216
30.886133054866715 48.64945995840301 29.0692 51.3253
31.9391 48.8228 30.886133054866715 48.64945995840301
34.0051 48.7672 31.9391 48.8228
35.09767744225918 50.22989870634594 34.0051 48.7672
34.5478 51.8393 35.09767744225918 50.22989870634594
37.9415 49.687 35.09767744225918 50.22989870634594
38.992197438551464 49.805237403428436 37.9415 49.687
39.9582 51.6492 38.992197438551464 49.805237403428436
29.13265419640767 44.7942337903393 30.886133054866715 48.64945995840301
26.5877 44.4586 29.13265419640767 44.7942337903393
30.2479 57.2474 28.333 53.2627
20.2343 65.6863 16.828060428202328 62.42829386640021
20.3275 66.2512 20.2343 65.6863
20.4463 66.9889 20.3275 66.2512
22.522452848723635 68.42744118542777 20.4463 66.9889
24.5628 67.169 22.522452848723635 68.42744118542777
26.9239 66.7296 24.5628 67.169
29.1719 66.2815 26.9239 66.7296
21.8936 71.9021 22.522452848723635 68.42744118542777
22.1875 73.3118 21.8936 71.9021
10.4158 67.7491 14.1858 64.8519
35.0014 56.7703 30.2479 57.2474
42.02868523813879 45.77375460580391 38.992197438551464 49.805237403428436
43.1285 45.9495 42.02868523813879 45.77375460580391
41.0596 44.1896 42.02868523813879 45.77375460580391
32.2355 40.4559 29.13265419640767 44.7942337903393
20.644756180399778 78.75638034058905 22.1875 73.3118
18.8318 79.4489 20.644756180399778 78.75638034058905
22.104 80.3754 20.644756180399778 78.75638034058905
25.65132650657214 81.01655760948061 22.104 80.3754
26.1383 82.7516 25.65132650657214 81.01655760948061
28.4108 78.0644 25.65132650657214 81.01655760948061
17.6375 17.2782 13.5501 21.5711
17.152045884277204 13.826351989090155 17.6375 17.2782
15.1305 12.6979 17.152045884277204 13.826351989090155
36.4993 -72.6356 32.035804061265296 -68.52094685312709
37.6911 -74.9269 36.4993 -72.6356
38.252874602074435 -75.67804889951599 37.6911 -74.9269
40.4943 -75.41 38.252874602074435 -75.67804889951599
36.9703 -78.5847 38.252874602074435 -75.67804889951599
38.4062 -80.4907 36.9703 -78.5847
39.05009305313982 -81.75437663155209 38.4062 -80.4907
41.2923 -82.2015 39.05009305313982 -81.75437663155209
37.648036290987896 -83.75620880120337 39.05009305313982 -81.75437663155209
36.3312 -83.5211 37.648036290987896 -83.75620880120337
38.2221 -87.0933 37.648036290987896 -83.75620880120337
38.20358872925518 -89.6251224528877 38.2221 -87.0933
41.34519795043408 -91.16605229170895 38.20358872925518 -89.6251224528877
42.7176 -90.3596 41.34519795043408 -91.16605229170895
41.39 -95.5833 41.34519795043408 -91.16605229170895
33.9409 -92.4572 38.20358872925518 -89.6251224528877
8.52006 -72.4569 10.7137 -66.7297
7.381292131535062 -75.95474509056314 8.52006 -72.4569
5.22466 -76.5126 7.381292131535062 -75.95474509056314
9.903 -77.9736 7.381292131535062 -75.95474509056314
12.2266 -78.1834 9.903 -77.9736
13.865581277504026 -80.16177712109503 12.2266 -78.1834
16.055 -79.9136 13.865581277504026 -80.16177712109503
13.2255 -82.4161 13.865581277504026 -80.16177712109503
0.370749 -74.1914 5.22466 -76.5126
-1.64928 -71.4196 0.370749 -74.1914
22.2221 10.3659 17.152045884277204 13.826351989090155
22.4729 8.64502 22.2221 10.3659
19.7677 6.78097 22.4729 8.64502
17.6238 5.70965 19.7677 6.78097
17.4206 4.87774 17.6238 5.70965
19.3241 3.15829 17.4206 4.87774
21.604 2.7518 19.3241 3.15829
24.660911520291403 2.8689256371708254 21.604 2.7518
25.3159 1.90187 24.660911520291403 2.8689256371708254
25.9453 5.1858 24.660911520291403 2.8689256371708254
14.3254 4.7569 17.4206 4.87774
30.7838 5.38576 25.9453 5.1858
33.42986217008666 5.2735814989323435 30.7838 5.38576
33.6154 4.60377 33.42986217008666 5.2735814989323435
36.8744 10.0135 33.42986217008666 5.2735814989323435
36.702947235349534 11.695536953773319 36.8744 10.0135
37.83636501362984 12.7943536669816 36.702947235349534 11.695536953773319
37.7974 13.0921 37.83636501362984 12.7943536669816
39.8059 11.8218 37.83636501362984 12.7943536669816
41.502236486313016 10.278616014549486 39.8059 11.8218
41.3639 9.93646 41.502236486313016 10.278616014549486
43.46326698404217 11.007513952802919 41.502236486313016 10.278616014549486
44.186 10.5602 43.46326698404217 11.007513952802919
41.1735 7.53928 41.3639 9.93646
33.5247 12.4612 36.702947235349534 11.695536953773319
43.7788 14.3469 43.46326698404217 11.007513952802919
46.5774 8.1111 44.186 10.5602
49.2568 8.35925 46.5774 8.1111
50.6674 9.7813 49.2568 8.35925
54.877984894118676 10.659882146694782 50.6674 9.7813
55.3968 9.8957 54.877984894118676 10.659882146694782
56.0183 13.1612 54.877984894118676 10.659882146694782
40.5979 17.5978 43.7788 14.3469
39.66063320808118 22.983643657563302 40.5979 17.5978
41.864 25.3723 39.66063320808118 22.983643657563302
45.0824 25.9087 41.864 25.3723
48.8147 25.3723 45.0824 25.9087
51.5734 26.5114 48.8147 25.3723
34.3296 24.6485 39.66063320808118 22.983643657563302
30.031780507736247 25.8488545752989 34.3296 24.6485
28.878 24.801 30.031780507736247 25.8488545752989
28.6053 31.9775 30.031780507736247 25.8488545752989
13.7264 83.1375 18.8318 79.4489
13.241422468302407 84.41656203563076 13.7264 83.1375
11.7814 84.7779 13.241422468302407 84.41656203563076
9.3861 83.615 11.7814 84.7779
8.80947642314227 82.92758291729497 9.3861 83.615
9.67303 80.4987 8.80947642314227 82.92758291729497
9.48025 77.2703 9.67303 80.4987
15.9725 87.9743 13.241422468302407 84.41656203563076
15.78000181739299 91.41257120659819 15.9725 87.9743
14.68 92.011 15.78000181739299 91.41257120659819
18.3988 93.0144 15.78000181739299 91.41257120659819
10.8617 90.8032 14.68 92.011
4.310030268239525 84.1527817457237 8.80947642314227 82.92758291729497
3.5328672779236547 86.49073753110179 4.310030268239525 84.1527817457237
3.88327 86.9386 3.5328672779236547 86.49073753110179
2.69979 86.6011 3.5328672779236547 86.49073753110179
0.9192545780434844 87.47445388169702 2.69979 86.6011
-1.05195 85.9479 0.9192545780434844 87.47445388169702
2.15524 82.1658 4.310030268239525 84.1527817457237
0.3404979938714008 79.1695439420297 2.15524 82.1658
1.34954 76.5439 0.3404979938714008 79.1695439420297
-2.70586 79.3048 0.3404979938714008 79.1695439420297
1.9483363270832275 72.89167530064798 1.34954 76.5439
1.19118 72.172 1.9483363270832275 72.89167530064798
3.72577 72.255 1.9483363270832275 72.89167530064798
18.360737042810516 98.04389237127883 18.3988 93.0144
16.3655 99.2118 18.360737042810516 98.04389237127883
20.7949 99.1053 18.360737042810516 98.04389237127883
-7.11084 82.7635 -2.70586 79.3048
-16.6478 -55.7896 -10.4372 -54.4475
22.7852 22.9003 28.878 24.801
-67.4934 -18.1714 -64.09629188933299 -23.672948596321955
-88.1634 -35.4186 -81.74188154218156 -34.59244285108009
-94.17369680255194 -34.07075385619463 -88.1634 -35.4186
-95.4647 -29.9264 -94.17369680255194 -34.07075385619463
-93.0058 -26.2782 -95.4647 -29.9264
-31.8334 -73.6955 -27.8065 -78.8875
-36.27713781997255 -73.3026788490742 -31.8334 -73.6955
-36.7644 -74.0495 -36.27713781997255 -73.3026788490742
-38.495 -68.9883 -36.27713781997255 -73.3026788490742
-38.82946729583012 -68.03840024522816 -38.495 -68.9883
-37.9345 -66.9914 -38.82946729583012 -68.03840024522816
-40.5956 -67.9452 -38.82946729583012 -68.03840024522816
-42.721116710274806 -67.40695214471324 -40.5956 -67.9452
-43.3335 -68.1307 -42.721116710274806 -67.40695214471324
-43.4345 -65.7546 -42.721116710274806 -67.40695214471324
-47.0708 -64.8383 -43.4345 -65.7546
-48.5627 -63.7682 -47.0708 -64.8383
-50.00580678585637 -64.01743177178122 -48.5627 -63.7682
-51.51147660217078 -62.6320129100208 -50.00580678585637 -64.01743177178122
-52.4284 -62.8245 -51.51147660217078 -62.6320129100208
-50.9146 -67.0631 -50.00580678585637 -64.01743177178122
-54.5023 -71.7641 -50.9146 -67.0631
-55.6687 -71.8579 -54.5023 -71.7641
-55.76420000000002 -73.18069999999997 -55.6687 -71.8579
-55.765200000000014 -73.18169999999998 -55.76420000000002 -73.18069999999997
-55.76620000000001 -73.18269999999998 -55.765200000000014 -73.18169999999998
-55.8712 -73.2877 -55.76620000000001 -73.18269999999998
-55.8722 -73.2887 -55.8712 -73.2877
-53.1761 -74.5679 -55.76420000000002 -73.18069999999997
-49.2677 -57.0681 -51.51147660217078 -62.6320129100208
-45.8597 -56.2751 -49.2677 -57.0681
-61.07242961360897 -76.31804773287288 -55.8722 -73.2887
-62.3448 -75.4986 -61.07242961360897 -76.31804773287288
-61.0695 -79.6643 -61.07242961360897 -76.31804773287288
-60.2499 -82.1318 -61.0695 -79.6643
-65.6508678281743 -73.82777967048999 -62.3448 -75.4986
-67.9834 -75.2302 -65.6508678281743 -73.82777967048999
-70.6672 -77.9436 -67.9834 -75.2302
-74.23469498220267 -77.85200895158705 -70.6672 -77.9436
-75.9101 -75.386 -74.23469498220267 -77.85200895158705
-75.58783171345495 -73.61646180312712 -75.9101 -75.386
-74.7938 -73.3413 -75.58783171345495 -73.61646180312712
-75.7993 -80.6268 -74.23469498220267 -77.85200895158705
-77.71757399044434 -81.24636425935248 -75.7993 -80.6268
-78.16679999999998 -83.14819999999997 -77.71757399044434 -81.24636425935248
-78.1708 -83.1522 -78.16679999999998 -83.14819999999997
-77.8761 -83.2907 -78.16679999999998 -83.14819999999997
-77.9241058600996 -71.14831118330979 -75.58783171345495 -73.61646180312712
-78.5372 -71.5488 -77.9241058600996 -71.14831118330979
-80.0269 -78.4522 -77.71757399044434 -81.24636425935248
-76.7116 -66.9187 -77.9241058600996 -71.14831118330979
-66.1781 -68.5691 -65.6508678281743 -73.82777967048999
-68.0485 -66.8145 -66.1781 -68.5691
-68.4538 -64.6239 -68.0485 -66.8145
-69.1244 -62.5842 -68.4538 -64.6239
-70.9014 -61.0516 -69.1244 -62.5842
-71.00611274196768 -58.66345200062661 -70.9014 -61.0516
-69.2791 -57.6962 -71.00611274196768 -58.66345200062661
-68.42998996288635 -57.607559836513616 -69.2791 -57.6962
-67.2127 -59.1694 -68.42998996288635 -57.607559836513616
-70.1497 -68.084 -68.0485 -66.8145
-65.6638 -61.7387 -67.2127 -59.1694
-67.3922 -54.7728 -68.42998996288635 -57.607559836513616
-66.31704910784447 -53.76829233615865 -67.3922 -54.7728
-66.5461 -53.4265 -66.31704910784447 -53.76829233615865
-64.8163366141118 -54.234835599133625 -66.31704910784447 -53.76829233615865
-64.623 -55.9154 -64.8163366141118 -54.234835599133625
-63.1575 -52.8802 -64.8163366141118 -54.234835599133625
-73.9145 -57.4497 -71.00611274196768 -58.66345200062661
-68.2291 -49.8605 -66.5461 -53.4265
-59.1815 -53.5727 -63.1575 -52.8802
-56.1696 -50.2492 -59.1815 -53.5727
-52.77082604576307 -48.28127075757524 -56.1696 -50.2492
-52.8332 -47.3695 -52.77082604576307 -48.28127075757524
-52.56524798590469 -46.00444032624639 -52.8332 -47.3695
-51.14 -45.5114 -52.56524798590469 -46.00444032624639
-51.3978 -49.0874 -52.77082604576307 -48.28127075757524
-55.3623 -43.9776 -52.56524798590469 -46.00444032624639
-56.26111854714371 -43.2083848822571 -55.3623 -43.9776
-56.0256 -41.5595 -56.26111854714371 -43.2083848822571
-59.25311088508498 -44.49636540540268 -56.26111854714371 -43.2083848822571
-60.1819 -43.7429 -59.25311088508498 -44.49636540540268
-59.5361 -46.6595 -59.25311088508498 -44.49636540540268
-64.716 -44.1014 -60.1819 -43.7429
-66.6986 -45.0186 -64.716 -44.1014
-85.3923 -78.0146 -80.0269 -78.4522
-87.39453417781904 -78.11231075339542 -85.3923 -78.0146
-88.76194563062916 -76.4350550156042 -87.39453417781904 -78.11231075339542
-89.7647 -76.5052 -88.76194563062916 -76.4350550156042
-88.1306 -74.5526 -88.76194563062916 -76.4350550156042
-88.7961 -80.5727 -87.39453417781904 -78.11231075339542
-90.69015877686373 -82.6679924988117 -88.7961 -80.5727
-90.3471 -84.2118 -90.69015877686373 -82.6679924988117
-88.99266792937958 -69.97631700710284 -88.1306 -74.5526
-87.7518 -68.7769 -88.99266792937958 -69.97631700710284
-90.6798 -69.359 -88.99266792937958 -69.97631700710284
-85.3633 -66.0078 -87.7518 -68.7769
-93.7192 -65.8408 -90.6798 -69.359
-68.3461 18.6995 -62.5731 15.5168
-69.62555343758784 18.77131525223408 -68.3461 18.6995
-70.2425 20.0265 -69.62555343758784 18.77131525223408
-70.38707646996183 20.25333422656771 -70.2425 20.0265
-69.9212 21.1279 -70.38707646996183 20.25333422656771
-69.7845 22.963 -69.9212 21.1279
-73.1838 20.4682 -70.38707646996183 20.25333422656771
-74.87641423518733 21.996818834401225 -73.1838 20.4682
-74.8134 22.8251 -74.87641423518733 21.996818834401225
-71.4695 16.0743 -69.62555343758784 18.77131525223408
-71.3511 15.3276 -71.4695 16.0743
-66.4143 26.8462 -69.7845 22.963
-62.771503229535355 28.392899167378793 -66.4143 26.8462
-61.2491 27.2201 -62.771503229535355 28.392899167378793
-58.865513285707266 27.738866602310026 -61.2491 27.2201
-58.2229 28.8572 -58.865513285707266 27.738866602310026
-57.2906 25.9144 -58.865513285707266 27.738866602310026
-54.8603 30.5909 -58.2229 28.8572
-62.6351 32.9378 -62.771503229535355 28.392899167378793
-66.3035 36.673 -62.6351 32.9378
-68.92209132167424 37.97481349545567 -66.3035 36.673
-69.1139 39.565 -68.92209132167424 37.97481349545567
-70.8014 36.1487 -68.92209132167424 37.97481349545567
-71.7317 36.6513 -70.8014 36.1487
-52.6334 35.5665 -54.8603 30.5909
-50.8593 39.252 -52.6334 35.5665
-50.561157358438535 39.82182002862377 -50.8593 39.252
-52.0178 41.9639 -50.561157358438535 39.82182002862377
-53.6209 43.831 -52.0178 41.9639
-52.9346 45.0583 -53.6209 43.831
-53.33649300373063 47.1465065239255 -52.9346 45.0583
-56.2404 48.0308 -53.33649300373063 47.1465065239255
-47.27941079937219 40.17694367937411 -50.561157358438535 39.82182002862377
-47.2033 40.3535 -47.27941079937219 40.17694367937411
-46.34170990970921 42.07175840405828 -47.2033 40.3535
-44.6706 42.09 -46.34170990970921 42.07175840405828
-47.4902384216319 44.01632688946047 -46.34170990970921 42.07175840405828
-48.1002 43.9494 -47.4902384216319 44.01632688946047
-45.7704 37.919 -47.27941079937219 40.17694367937411
-42.466 36.9121 -45.7704 37.919
-41.17861407154936 33.84593597603918 -42.466 36.9121
-45.7136 47.257 -47.4902384216319 44.01632688946047
-45.31037149635631 47.68175234066349 -45.7136 47.257
-44.8247 47.5609 -45.31037149635631 47.68175234066349
-45.5729 48.4004 -45.31037149635631 47.68175234066349
-50.6541 50.0385 -53.33649300373063 47.1465065239255
-49.54149116037149 53.39428598367336 -50.6541 50.0385
-49.9689 53.8875 -49.54149116037149 53.39428598367336
-47.2508 53.9569 -49.54149116037149 53.39428598367336
-51.02947691808826 57.309431511266325 -49.9689 53.8875
-49.8508 58.2313 -51.02947691808826 57.309431511266325
-53.1531 57.7408 -51.02947691808826 57.309431511266325
-54.98869072818841 59.22547219482798 -53.1531 57.7408
-54.4784 60.726 -54.98869072818841 59.22547219482798
-57.2168 58.556 -54.98869072818841 59.22547219482798
-50.7704 62.2401 -54.4784 60.726
-37.0602 33.3713 -41.17861407154936 33.84593597603918
-44.0616 30.493 -41.17861407154936 33.84593597603918
-43.5688 56.773 -47.2508 53.9569
-43.5561 58.3965 -43.5688 56.773
-40.9636951164037 60.18364316999841 -43.5561 58.3965
-41.0414 62.7245 -40.9636951164037 60.18364316999841
-38.4949 59.0029 -40.9636951164037 60.18364316999841
-38.4282 56.4261 -38.4949 59.0029
-40.09278652035799 65.9421231031923 -41.0414 62.7245
-38.7877 66.1366 -40.09278652035799 65.9421231031923
-40.0892 52.0198 -38.4282 56.4261
-75.8619 12.0649 -71.3511 15.3276
-58.1881 64.9811 -54.4784 60.726
-60.35036488428541 67.17974389890675 -58.1881 64.9811
-62.9252 67.0208 -60.35036488428541 67.17974389890675
-59.06890430483387 70.07017670477846 -60.35036488428541 67.17974389890675
-57.5681 70.3842 -59.06890430483387 70.07017670477846
-54.9615 73.111 -57.5681 70.3842
-61.4783 73.2369 -59.06890430483387 70.07017670477846
-61.6313 73.8562 -61.4783 73.2369
-62.0903 76.1568 -61.6313 73.8562
-64.44127502106609 77.01304012023812 -62.0903 76.1568
-65.6827 75.8681 -64.44127502106609 77.01304012023812
-65.0293 80.1182 -64.44127502106609 77.01304012023812
-68.97519217950678 75.81509218718841 -65.6827 75.8681
-70.3219 73.5028 -68.97519217950678 75.81509218718841
-72.7538 70.9066 -70.3219 73.5028
-75.9647 70.8473 -72.7538 70.9066
-77.3084 68.9062 -75.9647 70.8473
-77.26754318968992 67.9055866018887 -77.3084 68.9062
-75.3111 66.2193 -77.26754318968992 67.9055866018887
-77.4152845616602 73.36704561086472 -75.9647 70.8473
-77.9702 73.261 -77.4152845616602 73.36704561086472
-76.8787 74.2568 -77.4152845616602 73.36704561086472
-81.1597 73.1806 -77.9702 73.261
-82.29771212354979 75.07785392056726 -81.1597 73.1806
-82.0294 75.812 -82.29771212354979 75.07785392056726
-71.79123869674545 79.98716713456042 -68.97519217950678 75.81509218718841
-71.5958 80.3347 -71.79123869674545 79.98716713456042
-72.6012 79.8535 -71.79123869674545 79.98716713456042
-73.1091 83.0983 -71.5958 80.3347
-70.7609 86.5687 -73.1091 83.0983
-68.9172 89.0501 -70.7609 86.5687
-68.63340007816221 89.74761943432014 -68.9172 89.0501
-70.3697 91.0818 -68.63340007816221 89.74761943432014
-71.7491 91.4631 -70.3697 91.0818
-72.22415227095766 93.14723621223858 -71.7491 91.4631
-73.6107 93.6883 -72.22415227095766 93.14723621223858
-70.82022728862609 94.80710132853788 -72.22415227095766 93.14723621223858
-70.2593 94.6203 -70.82022728862609 94.80710132853788
-72.0064 97.9055 -70.82022728862609 94.80710132853788
-65.1611 91.783 -68.63340007816221 89.74761943432014
-60.384 92.632 -65.1611 91.783
-59.12018945289524 93.75622458696682 -60.384 92.632
-58.5582 93.844 -59.12018945289524 93.75622458696682
-55.9219 92.1912 -58.5582 93.844
-51.8413 95.4231 -55.9219 92.1912
-87.5563 74.5952 -82.29771212354979 75.07785392056726
-88.50391233363965 75.52164502675365 -87.5563 74.5952
-89.1406 75.3393 -88.50391233363965 75.52164502675365
-92.268 73.5777 -89.1406 75.3393
-95.5498 71.2122 -92.268 73.5777
-87.8871 79.5313 -88.50391233363965 75.52164502675365
-96.0748 65.5646 -95.5498 71.2122
-95.43543965408753 62.94305195909251 -96.0748 65.5646
-93.6323 62.461 -95.43543965408753 62.94305195909251
-99.3542 59.0705 -95.43543965408753 62.94305195909251
-60.6697 99.4307 -59.12018945289524 93.75622458696682
-80.5673 20.1224 -74.87641423518733 21.996818834401225
-85.2576 19.7559 -80.5673 20.1224
-87.4228 19.5913 -85.2576 19.7559
-89.2546 19.8388 -87.4228 19.5913
-91.1052800791403 21.718745390036126 -89.2546 19.8388
-91.1201 22.1983 -91.1052800791403 21.718745390036126
-92.2342 21.3861 -91.1052800791403 21.718745390036126
-93.39402516102808 21.025893684539458 -92.2342 21.3861
-94.7321 17.2032 -93.39402516102808 21.025893684539458
-93.3892 14.331 -94.7321 17.2032
-96.4111 24.2091 -93.39402516102808 21.025893684539458
-97.27727109905098 24.722283462525287 -96.4111 24.2091
-99.8242 23.2701 -97.27727109905098 24.722283462525287
-89.34384426888693 10.598617683315064 -93.3892 14.331
-89.7485705458468 7.993716090772096 -89.34384426888693 10.598617683315064
-91.1251 7.69822 -89.7485705458468 7.993716090772096
-87.9517 6.37204 -89.7485705458468 7.993716090772096
-86.9612 4.99748 -87.9517 6.37204
-86.82023235230113 3.9115716852416678 -86.9612 4.99748
-86.9287 3.83497 -86.82023235230113 3.9115716852416678
-83.93473603404566 2.837979427736027 -86.82023235230113 3.9115716852416678
-83.4805 -0.0329667 -83.93473603404566 2.837979427736027
-81.8534 -1.20466 -83.4805 -0.0329667
-80.79106396733168 -1.802008432402169 -81.8534 -1.20466
-80.7985 -3.31461 -80.79106396733168 -1.802008432402169
-81.6933 5.26002 -83.93473603404566 2.837979427736027
-84.8451 12.3118 -89.34384426888693 10.598617683315064
-76.3205 1.0118 -80.79106396733168 -1.802008432402169
-97.78414973510574 30.79982755598413 -97.27727109905098 24.722283462525287
-96.2168 31.7187 -97.78414973510574 30.79982755598413
-99.6671 31.7228 -97.78414973510574 30.79982755598413
-92.63537179392361 34.64238347733811 -96.2168 31.7187
-92.7265 36.3332 -92.63537179392361 34.64238347733811
-93.60188374220743 40.24360215288044 -92.7265 36.3332
-96.1815 41.3071 -93.60188374220743 40.24360215288044
-88.008 32.2851 -92.63537179392361 34.64238347733811
-87.9715 30.2589 -88.008 32.2851
-87.3864 29.5746 -87.9715 30.2589
-89.2611 44.3743 -93.60188374220743 40.24360215288044
-85.84048692861924 43.33663915606161 -89.2611 44.3743
-85.6037 42.9528 -85.84048692861924 43.33663915606161
-85.4262 43.7839 -85.84048692861924 43.33663915606161
-83.5302 39.8002 -85.6037 42.9528
-51.20431407566786 78.1613475476755 -54.9615 73.111
-49.9288 78.0906 -51.20431407566786 78.1613475476755
-52.89575519433165 81.34436067022146 -51.20431407566786 78.1613475476755
-53.8946 81.4772 -52.89575519433165 81.34436067022146
-50.85423000961491 84.7049753156059 -52.89575519433165 81.34436067022146
-49.8691 84.6123 -50.85423000961491 84.7049753156059
-51.3543 85.978 -50.85423000961491 84.7049753156059
-50.9085 86.2589 -51.3543 85.978
-48.947053284186104 87.32586485068798 -50.9085 86.2589
-49.0085 87.9451 -48.947053284186104 87.32586485068798
-46.7426 85.8643 -48.947053284186104 87.32586485068798
-43.620406953599066 87.6653716380684 -46.7426 85.8643
-43.5538 89.8788 -43.620406953599066 87.6653716380684
-41.7668 86.195 -43.620406953599066 87.6653716380684
-39.7221 93.4076 -43.5538 89.8788
-44.105 78.729 -49.9288 78.0906
-39.52470483968258 78.82133205618383 -44.105 78.729
-38.7356 77.7144 -39.52470483968258 78.82133205618383
-38.8383 80.1703 -39.52470483968258 78.82133205618383
-34.9438 81.6418 -38.8383 80.1703
-34.1888 95.436 -39.7221 93.4076
-33.4263 96.9844 -34.1888 95.436
-31.330468175213362 97.53497569278487 -33.4263 96.9844
-30.6983 99.0916 -31.330468175213362 97.53497569278487
-29.3087 95.1576 -31.330468175213362 97.53497569278487
-29.2738 90.6946 -29.3087 95.1576
-27.324144369027742 88.54177345905136 -29.2738 90.6946
-27.5833 87.0483 -27.324144369027742 88.54177345905136
-24.2324 89.5699 -27.324144369027742 88.54177345905136
-20.5227 85.7577 -24.2324 89.5699
-19.575778062011963 82.77148743031688 -20.5227 85.7577
-20.1384 82.1706 -19.575778062011963 82.77148743031688
-17.6284 82.1475 -19.575778062011963 82.77148743031688
-13.9108 85.1006 -17.6284 82.1475
-13.613 89.9504 -13.9108 85.1006
-16.6321 93.1673 -13.613 89.9504
-18.0084 94.848 -16.6321 93.1673
-19.452 99.0801 -18.0084 94.848
-96.9515295762336 53.22590571451323 -99.3542 59.0705
-97.3715 52.7248 -96.9515295762336 53.22590571451323
-94.3754 52.9535 -96.9515295762336 53.22590571451323
-88.9442 55.1761 -94.3754 52.9535
-86.7551090079265 55.46250712386411 -88.9442 55.1761
-85.2978 58.8556 -86.7551090079265 55.46250712386411
-84.5351 52.4688 -86.7551090079265 55.46250712386411
-44.2873 70.7596 -40.09278652035799 65.9421231031923
-80.09 92.5844 -73.6107 93.6883
-82.93081344208439 92.7322435396874 -80.09 92.5844
-83.9294 94.6692 -82.93081344208439 92.7322435396874
-85.2446 88.7978 -82.93081344208439 92.7322435396874
-87.9475 88.8385 -85.2446 88.7978
-89.9037 88.8904 -87.9475 88.8385
-91.01937299371674 89.22054496163885 -89.9037 88.8904
-93.0002 86.4315 -91.01937299371674 89.22054496163885
-93.1514 95.4477 -91.01937299371674 89.22054496163885
-21.8134 -23.3238 -27.6825100458282 -20.302842255931534
-17.70149675438334 -25.26356812762537 -21.8134 -23.3238
-15.1733 -23.8783 -17.70149675438334 -25.26356812762537
-12.221031839196154 -21.557445949961604 -15.1733 -23.8783
-17.338899999999974 -29.407199999999975 -17.70149675438334 -25.26356812762537
-17.339899999999975 -29.408199999999976 -17.338899999999974 -29.407199999999975
-17.340899999999976 -29.409199999999977 -17.339899999999975 -29.408199999999976
-17.341899999999978 -29.41019999999998 -17.340899999999976 -29.409199999999977
-17.34289999999998 -29.41119999999998 -17.341899999999978 -29.41019999999998
-17.34489999999998 -29.413199999999982 -17.34289999999998 -29.41119999999998
-17.345899999999983 -29.414199999999983 -17.34489999999998 -29.413199999999982
-17.5579 -29.6262 -17.345899999999983 -29.414199999999983
-12.571875239601148 -17.31109919375388 -12.221031839196154 -21.557445949961604
-14.3695 -16.4883 -12.571875239601148 -17.31109919375388
-8.04745 -23.4357 -12.221031839196154 -21.557445949961604
-7.71332 -13.8492 -12.571875239601148 -17.31109919375388
-6.97396 -12.2 -7.71332 -13.8492
-4.45365 -12.7177 -6.97396 -12.2
-3.951312110020617 -13.036062869566189 -4.45365 -12.7177
-4.44826 -15.9897 -3.951312110020617 -13.036062869566189
0.454946 -11.7374 -3.951312110020617 -13.036062869566189
2.101056067148725 -10.471544257859856 0.454946 -11.7374
2.93189 -10.7953 2.101056067148725 -10.471544257859856
1.636359891654692 -7.952134443537422 2.101056067148725 -10.471544257859856
0.946123 -7.70809 1.636359891654692 -7.952134443537422
3.5191 -6.55824 1.636359891654692 -7.952134443537422
3.222230548422345 -4.927014915009153 3.5191 -6.55824
3.9977 -4.43914 3.222230548422345 -4.927014915009153
6.51255 -2.74241 3.9977 -4.43914
-0.0685338 -3.22543 3.222230548422345 -4.927014915009153
-1.94559 0.635462 -0.0685338 -3.22543
-6.60652 3.49644 -1.94559 0.635462
11.766807451812134 -5.978126075214137 6.51255 -2.74241
11.6465 -7.40197 11.766807451812134 -5.978126075214137
13.798 -4.79593 11.766807451812134 -5.978126075214137
17.0363 -5.04498 13.798 -4.79593
-26.4888 80.3667 -20.1384 82.1706
-27.4814 77.3199 -26.4888 80.3667
-26.275 71.5391 -27.4814 77.3199
-27.56643340884712 69.7724665261732 -26.275 71.5391
-28.2653 69.8166 -27.56643340884712 69.7724665261732
-33.2046 72.7063 -28.2653 69.8166
-24.845099999999988 64.2104 -27.56643340884712 69.7724665261732
-25.1501 63.9054 -24.845099999999988 64.2104
-20.3713 63.9452 -24.845099999999988 64.2104
-18.52447991934244 63.87788833937868 -20.3713 63.9452
-18.0491 62.8563 -18.52447991934244 63.87788833937868
-16.041150353933567 66.76217412231438 -18.52447991934244 63.87788833937868
-16.9211 68.3021 -16.041150353933567 66.76217412231438
-13.6678 66.2774 -16.041150353933567 66.76217412231438
-9.778234845203517 66.72265601803815 -13.6678 66.2774
-8.84968 68.7951 -9.778234845203517 66.72265601803815
-7.551 63.5123 -9.778234845203517 66.72265601803815
-6.56546 63.492 -7.551 63.5123
-28.4656 59.807 -25.1501 63.9054
-99.2363 84.1871 -93.0002 86.4315
-45.7858 98.3244 -51.8413 95.4231
-83.6525 65.7416 -77.26754318968992 67.9055866018887
-50.6053 19.3446 -47.0517 13.5653
-99.6685 97.3766 -93.1514 95.4477
-80.05609999999996 -44.77430000000002 -79.2405 -37.9662
-80.05709999999996 -44.775300000000016 -80.05609999999996 -44.77430000000002
-80.05809999999997 -44.77630000000001 -80.05709999999996 -44.775300000000016
-80.05909999999997 -44.77730000000001 -80.05809999999997 -44.77630000000001
-80.1651 -44.8833 -80.05909999999997 -44.77730000000001
-79.3492 -45.2161 -80.05609999999996 -44.77430000000002
-79.6725 -48.5663 -79.3492 -45.2161
-82.8174 -54.0151 -79.6725 -48.5663
-98.5325 -39.5618 -94.17369680255194 -34.07075385619463
28.5958 -97.0099 33.9409 -92.4572
25.3648 -96.5544 28.5958 -97.0099
22.71983535999781 -97.26624549845684 25.3648 -96.5544
22.5503 -99.2176 22.71983535999781 -97.26624549845684
18.3176 -93.6722 22.71983535999781 -97.26624549845684
18.3896 -88.0691 18.3176 -93.6722
29.299 -4.04428 25.3159 1.90187
31.445554866514332 -5.174752417490631 29.299 -4.04428
31.6129 -7.19343 31.445554866514332 -5.174752417490631
32.2711 -7.91317 31.6129 -7.19343
33.1007 -9.62975 32.2711 -7.91317
34.905144428259405 -11.334210565836512 33.1007 -9.62975
34.5989 -12.1753 34.905144428259405 -11.334210565836512
33.9625 -14.8948 34.5989 -12.1753
34.9386 -16.6407 33.9625 -14.8948
31.047 -15.9113 33.9625 -14.8948
38.7852 -10.2559 34.905144428259405 -11.334210565836512
26.647 -16.6516 31.047 -15.9113
27.2642 -9.10432 31.6129 -7.19343
21.997399702973187 -19.71016819533041 26.647 -16.6516
22.1989 -22.1849 21.997399702973187 -19.71016819533041
19.1483 -18.296 21.997399702973187 -19.71016819533041
18.36591873352173 -16.61865148708772 19.1483 -18.296
20.6118 -13.4353 18.36591873352173 -16.61865148708772
13.821815550648196 -16.565026407639163 18.36591873352173 -16.61865148708772
13.2394 -15.4799 13.821815550648196 -16.565026407639163
12.9797 -18.2467 13.821815550648196 -16.565026407639163
11.890130233038665 -19.542986372412606 12.9797 -18.2467
11.0905 -19.4433 11.890130233038665 -19.542986372412606
36.4098 -2.21137 31.445554866514332 -5.174752417490631
45.0051 -9.86087 38.7852 -10.2559
45.50656709849582 -9.27811371652386 45.0051 -9.86087
45.9904 -9.42238 45.50656709849582 -9.27811371652386
46.6847 -9.02094 45.9904 -9.42238
45.0469 -8.45351 45.50656709849582 -9.27811371652386
45.7847 -5.10944 45.0469 -8.45351
50.342 -12.6723 46.6847 -9.02094
49.73480869613103 -0.7319602930547928 45.7847 -5.10944
49.6585 -0.303976 49.73480869613103 -0.7319602930547928
46.3165 55.0291 39.9582 51.6492
49.8503 53.8228 46.3165 55.0291
54.9572 56.3172 49.8503 53.8228
55.816608480142015 57.22133709360019 54.9572 56.3172
59.4765 56.435 55.816608480142015 57.22133709360019
53.872 62.6094 55.816608480142015 57.22133709360019
47.411 62.8576 53.872 62.6094
42.8143 62.4825 47.411 62.8576
41.0199 64.2876 42.8143 62.4825
40.34496530904972 64.95506515268522 41.0199 64.2876
37.5178 64.478 40.34496530904972 64.95506515268522
37.2862 64.5597 37.5178 64.478
41.6958 67.9113 40.34496530904972 64.95506515268522
42.916242715113384 68.9507521403237 41.6958 67.9113
46.1722 67.5137 42.916242715113384 68.9507521403237
42.3129 72.7286 42.916242715113384 68.9507521403237
41.07057314818327 73.62709530439413 42.3129 72.7286
38.2459 72.3591 41.07057314818327 73.62709530439413
41.8399 78.1013 41.07057314818327 73.62709530439413
-96.7851 -59.2173 -93.7192 -65.8408
14.8662 -26.2432 11.890130233038665 -19.542986372412606
14.3783 -29.5879 14.8662 -26.2432
14.6366 -33.8483 14.3783 -29.5879
15.3552 -34.5545 14.6366 -33.8483
12.7967 -34.9475 14.6366 -33.8483
7.413650000000002 -33.97620000000002 12.7967 -34.9475
7.30565 -34.0842 7.413650000000002 -33.97620000000002
7.19127 -33.4143 7.413650000000002 -33.97620000000002
4.56154 -31.2365 7.19127 -33.4143
2.57854 -27.2767 4.56154 -31.2365
-14.3171 21.8638 -20.6689 25.5997
-8.319870405827334 20.84579502395554 -14.3171 21.8638
-7.38826 17.8838 -8.319870405827334 20.84579502395554
-5.36159 24.7859 -8.319870405827334 20.84579502395554
-3.84968 12.8226 -7.38826 17.8838
2.5983125957084505 11.484787577056988 -3.84968 12.8226
3.05809 9.96274 2.5983125957084505 11.484787577056988
6.28546 14.8721 2.5983125957084505 11.484787577056988
58.954 26.9435 51.5734 26.5114
60.6146 30.2507 58.954 26.9435
60.6156 30.2517 60.6146 30.2507
60.6166 30.2527 60.6156 30.2517
60.617599999999996 30.253700000000002 60.6166 30.2527
60.618599999999994 30.254700000000003 60.617599999999996 30.253700000000002
60.61959999999999 30.255700000000004 60.618599999999994 30.254700000000003
61.654594379787895 30.307594904382913 60.61959999999999 30.255700000000004
63.2422 28.3407 61.654594379787895 30.307594904382913
64.9395 26.5477 63.2422 28.3407
65.9355132425017 25.923057963568258 64.9395 26.5477
66.1244 25.9772 65.9355132425017 25.923057963568258
58.9762 33.1946 60.61959999999999 30.255700000000004
63.841 33.4209 61.654594379787895 30.307594904382913
67.284 36.1124 63.841 33.4209
67.38700000000001 36.215399999999995 67.284 36.1124
67.38800000000002 36.21639999999999 67.38700000000001 36.215399999999995
67.2413 37.4829 67.38800000000002 36.21639999999999
68.9281 35.7419 67.38800000000002 36.21639999999999
65.33465966525637 40.18477835089307 67.2413 37.4829
62.6761 39.8955 65.33465966525637 40.18477835089307
67.4164 43.959 65.33465966525637 40.18477835089307
73.60556642007835 37.61088832709444 68.9281 35.7419
74.0752 40.6664 73.60556642007835 37.61088832709444
76.7129 41.6797 74.0752 40.6664
77.3021 34.2703 73.60556642007835 37.61088832709444
76.4701 30.4093 77.3021 34.2703
78.11707410912092 27.764303789064737 76.4701 30.4093
83.1635 28.0309 78.11707410912092 27.764303789064737
86.3829 27.9047 83.1635 28.0309
87.6727 28.7994 86.3829 27.9047
87.1872 30.3029 87.6727 28.7994
87.60319439921948 31.693831502235867 87.1872 30.3029
86.7855 32.49 87.60319439921948 31.693831502235867
86.45389637938928 32.78510753106735 86.7855 32.49
85.7805 32.4355 86.45389637938928 32.78510753106735
89.8314 32.3987 87.60319439921948 31.693831502235867
86.0873 37.3545 86.45389637938928 32.78510753106735
89.04540031595327 40.791235397412436 86.0873 37.3545
90.883 40.4413 89.04540031595327 40.791235397412436
94.6386 32.8691 89.8314 32.3987
69.7391 29.6151 66.1244 25.9772
75.6422 23.2253 78.11707410912092 27.764303789064737
72.8343 19.1854 75.6422 23.2253
73.5729 17.6365 72.8343 19.1854
56.9377 39.9182 62.6761 39.8955
52.4396 40.2381 56.9377 39.9182
51.78723951786448 40.396382463994236 52.4396 40.2381
50.7725 39.1358 51.78723951786448 40.396382463994236
50.4447 43.9282 51.78723951786448 40.396382463994236
96.55337199822951 41.49939027483446 90.883 40.4413
98.2203 39.6445 96.55337199822951 41.49939027483446
99.046 39.6771 98.2203 39.6445
88.63372587702985 22.586343599616743 86.3829 27.9047
87.8236 21.357 88.63372587702985 22.586343599616743
85.78471157392237 19.748066614737713 87.8236 21.357
84.1659 20.4499 85.78471157392237 19.748066614737713
86.017 16.6041 85.78471157392237 19.748066614737713
84.066 13.8427 86.017 16.6041
80.3993 11.5221 84.066 13.8427
94.1043 21.7496 88.63372587702985 22.586343599616743
97.486 20.672 94.1043 21.7496
97.3458 19.3405 97.486 20.672
99.0668 17.5295 97.3458 19.3405
45.7217 35.2474 50.7725 39.1358
39.6921 34.9049 45.7217 35.2474
64.1866 19.3474 65.9355132425017 25.923057963568258
64.34942788362858 18.99697487125849 64.1866 19.3474
65.8662 18.3429 64.34942788362858 18.99697487125849
62.3791 17.3724 64.34942788362858 18.99697487125849
71.9321 49.8269 67.4164 43.959
71.20960524239698 51.45647153727916 71.9321 49.8269
69.8717 51.5703 71.20960524239698 51.45647153727916
73.2077 54.638 71.20960524239698 51.45647153727916
-85.2299 -25.3281 -80.6923 -31.2773
56.8767 -2.9948 49.73480869613103 -0.7319602930547928
59.24657831893513 -3.4860364339506513 56.8767 -2.9948
60.9825 -1.63185 59.24657831893513 -3.4860364339506513
60.7178 -8.73361 59.24657831893513 -3.4860364339506513
61.33 -12.0549 60.7178 -8.73361
62.6565 -17.834 61.33 -12.0549
61.271 -19.8954 62.6565 -17.834
59.66121865484766 -22.24311993092992 61.271 -19.8954
60.7591 -24.6077 59.66121865484766 -22.24311993092992
63.75496963500181 -25.819176885109464 60.7591 -24.6077
64.1452 -27.6799 63.75496963500181 -25.819176885109464
65.741 -24.5642 63.75496963500181 -25.819176885109464
66.3102 -21.3098 65.741 -24.5642
54.99507464459363 -22.233101246116192 59.66121865484766 -22.24311993092992
54.1236 -20.7024 54.99507464459363 -22.233101246116192
52.4644 -26.5901 54.99507464459363 -22.233101246116192
51.1572185618572 -26.999910624778835 52.4644 -26.5901
51.0843 -27.4639 51.1572185618572 -26.999910624778835
49.1044 -24.992 51.1572185618572 -26.999910624778835
51.5242 -31.0847 51.0843 -27.4639
50.46916700981559 -33.283941440913175 51.5242 -31.0847
48.8149 -33.5855 50.46916700981559 -33.283941440913175
52.3455 -35.8618 50.46916700981559 -33.283941440913175
45.0697 -26.7373 49.1044 -24.992
67.4635 -32.1444 64.1452 -27.6799
67.0069 -33.4723 67.4635 -32.1444
39.52056464827011 -27.148770370191098 45.0697 -26.7373
38.6456 -29.6462 39.52056464827011 -27.148770370191098
38.60114688248528 -30.85646620434433 38.6456 -29.6462
39.9278 -31.6304 38.60114688248528 -30.85646620434433
37.5156 -24.5031 39.52056464827011 -27.148770370191098
34.9222 -32.2133 38.60114688248528 -30.85646620434433
30.4117 -36.4921 34.9222 -32.2133
28.2752 -35.5699 30.4117 -36.4921
26.3527 -34.1131 28.2752 -35.5699
67.0133 1.27801 60.9825 -1.63185
66.8677 1.93165 67.0133 1.27801
69.1963 2.65474 66.8677 1.93165
71.1873838894541 4.646589308224696 69.1963 2.65474
72.5984 4.17776 71.1873838894541 4.646589308224696
73.5983 3.41396 72.5984 4.17776
70.04868758773809 9.626404783171647 71.1873838894541 4.646589308224696
70.3299 9.84569 70.04868758773809 9.626404783171647
69.2651 9.86047 70.04868758773809 9.626404783171647
40.047 -39.1719 39.9278 -31.6304
48.81840234077521 80.96733208207893 41.8399 78.1013
49.3358 80.6602 48.81840234077521 80.96733208207893
48.916 83.8237 48.81840234077521 80.96733208207893
52.1235 79.5828 49.3358 80.6602
52.1465 77.1948 52.1235 79.5828
47.11789913881071 90.77169641648621 48.916 83.8237
48.0954 91.643 47.11789913881071 90.77169641648621
50.838907684219144 93.60243509200717 48.0954 91.643
50.6712 96.5101 50.838907684219144 93.60243509200717
42.1953 92.5851 47.11789913881071 90.77169641648621
40.52005716303612 95.22958541982973 42.1953 92.5851
38.0332 95.0914 40.52005716303612 95.22958541982973
41.8139 97.9877 40.52005716303612 95.22958541982973
34.2159 94.8934 38.0332 95.0914
55.9207 91.2315 50.838907684219144 93.60243509200717
59.5745 94.0598 55.9207 91.2315
62.9404 95.6912 59.5745 94.0598
66.1338 95.08 62.9404 95.6912
66.63618172452121 91.28452339915708 66.1338 95.08
67.6203 90.8057 66.63618172452121 91.28452339915708
64.0184 89.4061 66.63618172452121 91.28452339915708
72.0143 90.7183 67.6203 90.8057
73.8027 90.9303 72.0143 90.7183
75.98426738302595 90.47075816798983 73.8027 90.9303
77.49071450184267 91.71668779556676 75.98426738302595 90.47075816798983
77.097 93.5335 77.49071450184267 91.71668779556676
80.4608 90.8583 77.49071450184267 91.71668779556676
77.0972 87.3854 75.98426738302595 90.47075816798983
76.7062407607286 84.62457861463939 77.0972 87.3854
78.0037 83.3268 76.7062407607286 84.62457861463939
80.1888 79.976 78.0037 83.3268
80.2436 79.5314 80.1888 79.976
81.002 76.6395 80.2436 79.5314
82.792584590081 74.50507472779341 81.002 76.6395
83.2988 74.4762 82.792584590081 74.50507472779341
82.1388 72.8496 82.792584590081 74.50507472779341
72.1652598290754 83.20808151016678 76.7062407607286 84.62457861463939
71.7022 83.5954 72.1652598290754 83.20808151016678
72.0073 81.7899 72.1652598290754 83.20808151016678
69.56147516903876 78.11429331480892 72.0073 81.7899
68.4079 78.1475 69.56147516903876 78.11429331480892
83.7205 87.3007 80.4608 90.8583
88.0326 88.9506 83.7205 87.3007
89.1926 88.9621 88.0326 88.9506
89.9556 87.8632 89.1926 88.9621
92.6190873121022 86.75363495807028 89.9556 87.8632
93.29281077108175 83.8224869269576 92.6190873121022 86.75363495807028
94.0173 83.5695 93.29281077108175 83.8224869269576
90.0546 81.4513 93.29281077108175 83.8224869269576
64.2355 84.0505 64.0184 89.4061
63.0517 77.1381 68.4079 78.1475
61.06418246688871 72.0804851717086 63.0517 77.1381
58.0189 71.7157 61.06418246688871 72.0804851717086
63.4634 68.8403 61.06418246688871 72.0804851717086
28.6443 96.2578 34.2159 94.8934
73.5568 71.6549 69.56147516903876 78.11429331480892
-96.6052 2.34555 -91.1251 7.69822
-98.9021 -2.85293 -96.6052 2.34555
86.3059 47.9455 89.04540031595327 40.791235397412436
90.4862 71.7532 83.2988 74.4762
92.223 69.5775 90.4862 71.7532
89.8902 66.4307 92.223 69.5775
-50.5949 -81.8509 -53.1761 -74.5679
-49.2155 -84.3474 -50.5949 -81.8509
-51.1954 -91.3684 -49.2155 -84.3474
-83.04842621947182 -10.711842093164023 -80.7985 -3.31461
-80.1335 -14.6332 -83.04842621947182 -10.711842093164023
-79.5521 -15.6995 -80.1335 -14.6332
-79.5485 -17.4328 -79.5521 -15.6995
-88.1908 -11.7221 -83.04842621947182 -10.711842093164023
-89.4167 -10.7051 -88.1908 -11.7221
-98.4188 -81.7294 -90.69015877686373 -82.6679924988117
55.16422229060172 -43.13280885990042 52.3455 -35.8618
54.1234 -44.4186 55.16422229060172 -43.13280885990042
59.2583 -43.8222 55.16422229060172 -43.13280885990042
-71.14480539566732 59.619487541219215 -75.3111 66.2193
-70.6657 59.6901 -71.14480539566732 59.619487541219215
-71.4118 59.0895 -71.14480539566732 59.619487541219215
72.1657 63.8313 73.5568 71.6549
72.3935 -39.3337 67.0069 -33.4723
73.58593106948365 -44.381464728628245 72.3935 -39.3337
74.2451 -44.597 73.58593106948365 -44.381464728628245
76.68 -46.3334 74.2451 -44.597
78.86999816417111 -46.7299612097947 76.68 -46.3334
79.0109 -47.4517 78.86999816417111 -46.7299612097947
80.7226 -44.8563 78.86999816417111 -46.7299612097947
71.3944 -46.4223 73.58593106948365 -44.381464728628245
77.85487040127363 -52.28534844152246 79.0109 -47.4517
79.9042 -53.9461 77.85487040127363 -52.28534844152246
81.7844 -56.9503 79.9042 -53.9461
82.6004 -40.1578 80.7226 -44.8563
72.2859 -54.2798 77.85487040127363 -52.28534844152246
71.26665057830752 -56.35069127525833 72.2859 -54.2798
67.832 -56.9106 71.26665057830752 -56.35069127525833
66.20331663760332 -59.28863609151023 67.832 -56.9106
64.7159 -59.2148 66.20331663760332 -59.28863609151023
67.1994 -60.7644 66.20331663760332 -59.28863609151023
63.280566924496725 -58.061920527208194 64.7159 -59.2148
62.666 -58.3101 63.280566924496725 -58.061920527208194
63.5892 -54.8461 63.280566924496725 -58.061920527208194
63.84328071633946 -52.88655906033944 63.5892 -54.8461
64.4601 -52.4507 63.84328071633946 -52.88655906033944
62.38059999999998 -52.09630000000002 63.84328071633946 -52.88655906033944
62.37959999999998 -52.09730000000002 62.38059999999998 -52.09630000000002
62.378599999999985 -52.098300000000016 62.37959999999998 -52.09730000000002
62.3706 -52.1063 62.378599999999985 -52.098300000000016
62.4007 -52.0422 62.38059999999998 -52.09630000000002
60.265 -60.8168 62.666 -58.3101
58.2281 -60.4199 60.265 -60.8168
57.1403437732402 -61.03787250708423 58.2281 -60.4199
56.4579 -60.608 57.1403437732402 -61.03787250708423
56.32445945456766 -60.53169547367456 56.4579 -60.608
57.5414 -63.9184 57.1403437732402 -61.03787250708423
53.0418 -62.0756 56.32445945456766 -60.53169547367456
56.4949 -56.518 56.32445945456766 -60.53169547367456
48.311014320196094 -62.36217330058964 53.0418 -62.0756
46.5197 -59.4072 48.311014320196094 -62.36217330058964
46.1357 -65.5997 48.311014320196094 -62.36217330058964
74.3653 -60.507 71.26665057830752 -56.35069127525833
61.662 -67.6759 57.5414 -63.9184
61.68060855782277 -70.52436929036969 61.662 -67.6759
59.7287 -71.3404 61.68060855782277 -70.52436929036969
58.04949920663047 -71.47604365596389 59.7287 -71.3404
57.6349 -73.1331 58.04949920663047 -71.47604365596389
64.0252 -71.8426 61.68060855782277 -70.52436929036969
63.97776482245847 -74.58999271270315 64.0252 -71.8426
62.6469 -75.2554 63.97776482245847 -74.58999271270315
55.7351 -69.2446 58.04949920663047 -71.47604365596389
66.7364 -69.9377 64.0252 -71.8426
69.1151 -70.4934 66.7364 -69.9377
71.9723202019684 -68.8754713815843 69.1151 -70.4934
72.0451 -67.6625 71.9723202019684 -68.8754713815843
73.2684 -69.9535 71.9723202019684 -68.8754713815843
66.97668937960188 -76.79508057894353 63.97776482245847 -74.58999271270315
67.2751 -76.5524 66.97668937960188 -76.79508057894353
66.6756 -79.0841 66.97668937960188 -76.79508057894353
68.9921664806583 -80.93653050999396 66.6756 -79.0841
68.2232 -84.549 68.9921664806583 -80.93653050999396
72.6721 -79.5064 68.9921664806583 -80.93653050999396
56.713212485301334 -77.06818709856056 57.6349 -73.1331
53.9974 -77.801 56.713212485301334 -77.06818709856056
58.8479 -79.1184 56.713212485301334 -77.06818709856056
76.7622 -79.1805 72.6721 -79.5064
78.56580857355607 -81.25058771645658 76.7622 -79.1805
81.9239 -81.3196 78.56580857355607 -81.25058771645658
76.9414 -85.4628 78.56580857355607 -81.25058771645658
78.5331 -74.3925 76.7622 -79.1805
81.3414 -69.9258 78.5331 -74.3925
51.1567 -82.9496 53.9974 -77.801
54.1188 -86.9545 51.1567 -82.9496
53.1064 -88.773 54.1188 -86.9545
54.0409 -89.9832 53.1064 -88.773
54.210462209280415 -90.14278022066676 54.0409 -89.9832
53.413 -91.7159 54.210462209280415 -90.14278022066676
52.007506227840075 -93.48798576965913 53.413 -91.7159
51.5143 -93.4086 52.007506227840075 -93.48798576965913
52.7098 -94.8179 52.007506227840075 -93.48798576965913
58.7951 -90.5496 54.210462209280415 -90.14278022066676
63.2079 -90.5878 58.7951 -90.5496
64.42260757583311 -93.09033104288788 63.2079 -90.5878
61.0987 -97.5077 64.42260757583311 -93.09033104288788
80.4505 -90.5628 76.9414 -85.4628
82.8736 -33.7417 82.6004 -40.1578
83.4047 -31.3407 82.8736 -33.7417
83.1743 -31.2654 83.4047 -31.3407
80.72696980812701 -28.816781441002124 83.1743 -31.2654
78.4298 -29.3747 80.72696980812701 -28.816781441002124
82.43405303719729 -23.55127902231853 80.72696980812701 -28.816781441002124
84.5943 -23.2566 82.43405303719729 -23.55127902231853
85.7055 -23.8745 84.5943 -23.2566
89.10821040179017 -23.1053513610359 85.7055 -23.8745
89.509 -22.2354 89.10821040179017 -23.1053513610359
90.9069 -20.1495 89.509 -22.2354
92.66274327352822 -19.004265477433943 90.9069 -20.1495
93.3819 -19.2838 92.66274327352822 -19.004265477433943
92.46231515895886 -15.458655078498243 92.66274327352822 -19.004265477433943
92.0919 -26.6961 89.10821040179017 -23.1053513610359
96.4336 -12.1699 92.46231515895886 -15.458655078498243
98.0416 -21.6955 93.3819 -19.2838
87.3734 -13.2125 92.46231515895886 -15.458655078498243
86.3349 -9.53997 87.3734 -13.2125
88.43958798892689 -4.150203498141727 86.3349 -9.53997
87.3217 -2.59042 88.43958798892689 -4.150203498141727
86.5749 -0.757178 87.3217 -2.59042
91.46508303960314 -3.6292451160048844 88.43958798892689 -4.150203498141727
92.2872 -4.60966 91.46508303960314 -3.6292451160048844
92.219 -2.29709 91.46508303960314 -3.6292451160048844
92.41682234870227 0.9892599632139534 92.219 -2.29709
89.5411 3.02292 92.41682234870227 0.9892599632139534
95.7636 2.96223 92.41682234870227 0.9892599632139534
71.0165 -93.5461 64.42260757583311 -93.09033104288788
71.6233 -94.1528 71.0165 -93.5461
71.37620000000001 -95.518 71.6233 -94.1528
71.3752 -95.519 71.37620000000001 -95.518
74.0777 -97.1014 71.37620000000001 -95.518
88.4213 -69.8548 81.3414 -69.9258
89.60249689272807 -70.89947140864568 88.4213 -69.8548
90.5699 -70.794 89.60249689272807 -70.89947140864568
89.2089 -73.1922 89.60249689272807 -70.89947140864568
88.4139 -74.0781 89.2089 -73.1922
96.32310298568855 -69.95626127450065 90.5699 -70.794
97.1579 -67.4574 96.32310298568855 -69.95626127450065
97.23326623877489 -67.36105050674279 97.1579 -67.4574
97.0862 -66.5429 97.23326623877489 -67.36105050674279
96.0735 -66.0583 97.0862 -66.5429
98.5731 -67.3163 97.23326623877489 -67.36105050674279
97.8725 -72.161 96.32310298568855 -69.95626127450065
91.1031 -79.826 88.4139 -74.0781
91.0068 -80.8047 91.1031 -79.826
90.58502667651548 -83.14371486212458 91.0068 -80.8047
89.005 -83.9278 90.58502667651548 -83.14371486212458
94.8696 -59.5036 96.0735 -66.0583
96.2337 -86.7853 90.58502667651548 -83.14371486212458
95.58603843464904 -52.66528507276145 94.8696 -59.5036
95.1762 -52.3961 95.58603843464904 -52.66528507276145
96.5761 -52.3078 95.58603843464904 -52.66528507276145
91.25543300493226 -47.95097394267105 95.1762 -52.3961
89.4343 -48.4677 91.25543300493226 -47.95097394267105
98.8839 9.36263 95.7636 2.96223
93.5992 -40.8952 91.25543300493226 -47.95097394267105
93.4506 -39.4258 93.5992 -40.8952
96.0282 -36.5976 93.4506 -39.4258
77.1297 -17.9374 82.43405303719729 -23.55127902231853
75.3131 -17.1943 77.1297 -17.9374
-26.59899725408773 50.83192464376686 -18.65 51.7398
-26.9323 51.2821 -26.59899725408773 50.83192464376686
-28.140099101367106 47.684001221804635 -26.59899725408773 50.83192464376686
-26.8712 46.0745 -28.140099101367106 47.684001221804635
-30.21717693431007 47.564136439628896 -28.140099101367106 47.684001221804635
-30.8219 48.6283 -30.21717693431007 47.564136439628896
-31.365622716691053 45.99175360772164 -30.21717693431007 47.564136439628896
-30.9622 45.1244 -31.365622716691053 45.99175360772164
-33.0211 45.9024 -31.365622716691053 45.99175360772164
-33.5117 46.0302 -33.0211 45.9024
-37.8738 -56.8861 -45.8597 -56.2751
-62.974 -89.6771 -60.2499 -82.1318
-62.99818014818041 -92.84542162268225 -62.974 -89.6771
-64.44943589765397 -93.63026728714374 -62.99818014818041 -92.84542162268225
-65.5587 -92.9984 -64.44943589765397 -93.63026728714374
-65.6542 -93.0661 -65.5587 -92.9984
-61.4707 -93.749 -62.99818014818041 -92.84542162268225
-58.4501 -94.7999 -61.4707 -93.749
-64.9084 -98.8684 -64.44943589765397 -93.63026728714374
-72.2625 -89.6252 -65.6542 -93.0661
-73.9802 -91.3186 -72.2625 -89.6252
-77.47714177901294 -93.55636964940699 -73.9802 -91.3186
-78.5639 -92.9881 -77.47714177901294 -93.55636964940699
-77.31799514897372 -96.19552698940772 -77.47714177901294 -93.55636964940699
-77.0941 -96.3498 -77.31799514897372 -96.19552698940772
-79.8236 -97.1062 -77.31799514897372 -96.19552698940772
-82.44800811285518 -96.79991103270682 -79.8236 -97.1062
-84.0166 -99.1492 -82.44800811285518 -96.79991103270682
-85.8819 -99.593 -84.0166 -99.1492
-86.6316 -98.4604 -85.8819 -99.593
-87.8109996043447 -98.5704997545431 -86.6316 -98.4604
-88.1606 -98.9637 -87.8109996043447 -98.5704997545431
-88.2655 -97.7977 -87.8109996043447 -98.5704997545431
-73.9645 -99.1596 -77.0941 -96.3498
-84.3572 -92.4634 -82.44800811285518 -96.79991103270682
-93.668 -99.6056 -88.1606 -98.9637
-78.0538 31.3758 -71.7317 36.6513
-0.466127 95.6101 0.9192545780434844 87.47445388169702
-0.0453702 98.9322 -0.466127 95.6101
-9.42337 -32.8789 -17.338899999999974 -29.407199999999975
-6.94199 -34.6609 -9.42337 -32.8789
-93.992 -50.9011 -96.7851 -59.2173
99.8184 92.3841 92.6190873121022 86.75363495807028
-65.7241 48.6548 -56.2404 48.0308
-67.0801 50.0342 -65.7241 48.6548
99.658 51.9395 96.55337199822951 41.49939027483446
96.6472 -97.7368 96.2337 -86.7853
94.4955 -99.9987 96.6472 -97.7368